#omega	spectral weight
-1.000000e+01	1.402753e-03
-9.950000e+00	1.411646e-03
-9.900000e+00	1.420627e-03
-9.850000e+00	1.429697e-03
-9.800000e+00	1.438858e-03
-9.750000e+00	1.448110e-03
-9.700000e+00	1.457456e-03
-9.650000e+00	1.466896e-03
-9.600000e+00	1.476432e-03
-9.550000e+00	1.486065e-03
-9.500000e+00	1.495796e-03
-9.450000e+00	1.505627e-03
-9.400000e+00	1.515560e-03
-9.350000e+00	1.525596e-03
-9.300000e+00	1.535736e-03
-9.250000e+00	1.545982e-03
-9.200000e+00	1.556336e-03
-9.150000e+00	1.566798e-03
-9.100000e+00	1.577371e-03
-9.050000e+00	1.588057e-03
-9.000000e+00	1.598857e-03
-8.950000e+00	1.609772e-03
-8.900000e+00	1.620805e-03
-8.850000e+00	1.631958e-03
-8.800000e+00	1.643231e-03
-8.750000e+00	1.654628e-03
-8.700000e+00	1.666150e-03
-8.650000e+00	1.677798e-03
-8.600000e+00	1.689576e-03
-8.550000e+00	1.701485e-03
-8.500000e+00	1.713526e-03
-8.450000e+00	1.725703e-03
-8.400000e+00	1.738018e-03
-8.350000e+00	1.750472e-03
-8.300000e+00	1.763068e-03
-8.250000e+00	1.775808e-03
-8.200000e+00	1.788694e-03
-8.150000e+00	1.801730e-03
-8.100000e+00	1.814918e-03
-8.050000e+00	1.828259e-03
-8.000000e+00	1.841757e-03
-7.950000e+00	1.855415e-03
-7.900000e+00	1.869234e-03
-7.850000e+00	1.883219e-03
-7.800000e+00	1.897371e-03
-7.750000e+00	1.911694e-03
-7.700000e+00	1.926191e-03
-7.650000e+00	1.940864e-03
-7.600000e+00	1.955718e-03
-7.550000e+00	1.970754e-03
-7.500000e+00	1.985977e-03
-7.450000e+00	2.001390e-03
-7.400000e+00	2.016997e-03
-7.350000e+00	2.032800e-03
-7.300000e+00	2.048804e-03
-7.250000e+00	2.065013e-03
-7.200000e+00	2.081430e-03
-7.150000e+00	2.098059e-03
-7.100000e+00	2.114904e-03
-7.050000e+00	2.131970e-03
-7.000000e+00	2.149261e-03
-6.950000e+00	2.166781e-03
-6.900000e+00	2.184536e-03
-6.850000e+00	2.202529e-03
-6.800000e+00	2.220765e-03
-6.750000e+00	2.239250e-03
-6.700000e+00	2.257988e-03
-6.650000e+00	2.276985e-03
-6.600000e+00	2.296247e-03
-6.550000e+00	2.315778e-03
-6.500000e+00	2.335586e-03
-6.450000e+00	2.355675e-03
-6.400000e+00	2.376051e-03
-6.350000e+00	2.396723e-03
-6.300000e+00	2.417695e-03
-6.250000e+00	2.438974e-03
-6.200000e+00	2.460569e-03
-6.150000e+00	2.482485e-03
-6.100000e+00	2.504731e-03
-6.050000e+00	2.527314e-03
-6.000000e+00	2.550243e-03
-5.950000e+00	2.573526e-03
-5.900000e+00	2.597171e-03
-5.850000e+00	2.621187e-03
-5.800000e+00	2.645585e-03
-5.750000e+00	2.670374e-03
-5.700000e+00	2.695563e-03
-5.650000e+00	2.721164e-03
-5.600000e+00	2.747187e-03
-5.550000e+00	2.773645e-03
-5.500000e+00	2.800548e-03
-5.450000e+00	2.827910e-03
-5.400000e+00	2.855743e-03
-5.350000e+00	2.884061e-03
-5.300000e+00	2.912879e-03
-5.250000e+00	2.942211e-03
-5.200000e+00	2.972073e-03
-5.150000e+00	3.002482e-03
-5.100000e+00	3.033454e-03
-5.050000e+00	3.065009e-03
-5.000000e+00	3.097165e-03
-4.950000e+00	3.129943e-03
-4.900000e+00	3.163364e-03
-4.850000e+00	3.197451e-03
-4.800000e+00	3.232228e-03
-4.750000e+00	3.267720e-03
-4.700000e+00	3.303954e-03
-4.650000e+00	3.340959e-03
-4.600000e+00	3.378766e-03
-4.550000e+00	3.417408e-03
-4.500000e+00	3.456919e-03
-4.450000e+00	3.497338e-03
-4.400000e+00	3.538704e-03
-4.350000e+00	3.581062e-03
-4.300000e+00	3.624458e-03
-4.250000e+00	3.668943e-03
-4.200000e+00	3.714573e-03
-4.150000e+00	3.761406e-03
-4.100000e+00	3.809509e-03
-4.050000e+00	3.858953e-03
-4.000000e+00	3.909817e-03
-3.950000e+00	3.962186e-03
-3.900000e+00	4.016156e-03
-3.850000e+00	4.071832e-03
-3.800000e+00	4.129332e-03
-3.750000e+00	4.188788e-03
-3.700000e+00	4.250345e-03
-3.650000e+00	4.314169e-03
-3.600000e+00	4.380447e-03
-3.550000e+00	4.449393e-03
-3.500000e+00	4.521248e-03
-3.450000e+00	4.596291e-03
-3.400000e+00	4.674844e-03
-3.350000e+00	4.757280e-03
-3.300000e+00	4.844036e-03
-3.250000e+00	4.935624e-03
-3.200000e+00	5.032654e-03
-3.150000e+00	5.135848e-03
-3.100000e+00	5.246078e-03
-3.050000e+00	5.364401e-03
-3.000000e+00	5.492105e-03
-2.950000e+00	5.630785e-03
-2.900000e+00	5.782424e-03
-2.850000e+00	5.949521e-03
-2.800000e+00	6.135258e-03
-2.750000e+00	6.343738e-03
-2.700000e+00	6.580313e-03
-2.650000e+00	6.852066e-03
-2.600000e+00	7.168496e-03
-2.550000e+00	7.542534e-03
-2.500000e+00	7.992031e-03
-2.450000e+00	8.541971e-03
-2.400000e+00	9.227691e-03
-2.350000e+00	1.009940e-02
-2.300000e+00	1.122780e-02
-2.250000e+00	1.270862e-02
-2.200000e+00	1.465711e-02
-2.150000e+00	1.716599e-02
-2.100000e+00	2.016908e-02
-2.050000e+00	2.317163e-02
-2.000000e+00	2.510078e-02
-1.950000e+00	2.495446e-02
-1.900000e+00	2.290981e-02
-1.850000e+00	2.010367e-02
-1.800000e+00	1.748223e-02
-1.750000e+00	1.540400e-02
-1.700000e+00	1.387533e-02
-1.650000e+00	1.279130e-02
-1.600000e+00	1.204135e-02
-1.550000e+00	1.153797e-02
-1.500000e+00	1.121819e-02
-1.450000e+00	1.103838e-02
-1.400000e+00	1.096890e-02
-1.350000e+00	1.099003e-02
-1.300000e+00	1.108921e-02
-1.250000e+00	1.125921e-02
-1.200000e+00	1.149703e-02
-1.150000e+00	1.180339e-02
-1.100000e+00	1.218255e-02
-1.050000e+00	1.264261e-02
-1.000000e+00	1.319623e-02
-9.500000e-01	1.386183e-02
-9.000000e-01	1.466561e-02
-8.500000e-01	1.564450e-02
-8.000000e-01	1.685050e-02
-7.500000e-01	1.835662e-02
-7.000000e-01	2.026357e-02
-6.500000e-01	2.270302e-02
-6.000000e-01	2.582240e-02
-5.500000e-01	2.971356e-02
-5.000000e-01	3.423380e-02
-4.500000e-01	3.879830e-02
-4.000000e-01	4.259911e-02
-3.500000e-01	4.542372e-02
-3.000000e-01	4.785944e-02
-2.500000e-01	5.053799e-02
-2.000000e-01	5.368319e-02
-1.500000e-01	5.690695e-02
-1.000000e-01	5.918207e-02
-5.000000e-02	5.965245e-02
1.421085e-13	5.849580e-02
5.000000e-02	5.661850e-02
1.000000e-01	5.501978e-02
1.500000e-01	5.442904e-02
2.000000e-01	5.501118e-02
2.500000e-01	5.638169e-02
3.000000e-01	5.791063e-02
3.500000e-01	5.927743e-02
4.000000e-01	6.052081e-02
4.500000e-01	6.123195e-02
5.000000e-01	6.061588e-02
5.500000e-01	5.871097e-02
6.000000e-01	5.655896e-02
6.500000e-01	5.514428e-02
7.000000e-01	5.485676e-02
7.500000e-01	5.572456e-02
8.000000e-01	5.768738e-02
8.500000e-01	6.074952e-02
9.000000e-01	6.512835e-02
9.500000e-01	7.099502e-02
1.000000e+00	7.800178e-02
1.050000e+00	8.518306e-02
1.100000e+00	9.145592e-02
1.150000e+00	9.641158e-02
1.200000e+00	1.000928e-01
1.250000e+00	1.021542e-01
1.300000e+00	1.024163e-01
1.350000e+00	1.017677e-01
1.400000e+00	1.014699e-01
1.450000e+00	1.021556e-01
1.500000e+00	1.037764e-01
1.550000e+00	1.060645e-01
1.600000e+00	1.090165e-01
1.650000e+00	1.126762e-01
1.700000e+00	1.167114e-01
1.750000e+00	1.206679e-01
1.800000e+00	1.243430e-01
1.850000e+00	1.278045e-01
1.900000e+00	1.310962e-01
1.950000e+00	1.341498e-01
2.000000e+00	1.371484e-01
2.050000e+00	1.406477e-01
2.100000e+00	1.452127e-01
2.150000e+00	1.511239e-01
2.200000e+00	1.581617e-01
2.250000e+00	1.652989e-01
2.300000e+00	1.707565e-01
2.350000e+00	1.731189e-01
2.400000e+00	1.726188e-01
2.450000e+00	1.701992e-01
2.500000e+00	1.659698e-01
2.550000e+00	1.600043e-01
2.600000e+00	1.534141e-01
2.650000e+00	1.475314e-01
2.700000e+00	1.429244e-01
2.750000e+00	1.395674e-01
2.800000e+00	1.375281e-01
2.850000e+00	1.371546e-01
2.900000e+00	1.386385e-01
2.950000e+00	1.419200e-01
3.000000e+00	1.467908e-01
3.050000e+00	1.526119e-01
3.100000e+00	1.582190e-01
3.150000e+00	1.626855e-01
3.200000e+00	1.661119e-01
3.250000e+00	1.692312e-01
3.300000e+00	1.726670e-01
3.350000e+00	1.768873e-01
3.400000e+00	1.822812e-01
3.450000e+00	1.889872e-01
3.500000e+00	1.968499e-01
3.550000e+00	2.053567e-01
3.600000e+00	2.136554e-01
3.650000e+00	2.210911e-01
3.700000e+00	2.276593e-01
3.750000e+00	2.336538e-01
3.800000e+00	2.391585e-01
3.850000e+00	2.441566e-01
3.900000e+00	2.486592e-01
3.950000e+00	2.526440e-01
4.000000e+00	2.563571e-01
4.050000e+00	2.605552e-01
4.100000e+00	2.662499e-01
4.150000e+00	2.740705e-01
4.200000e+00	2.837260e-01
4.250000e+00	2.946482e-01
4.300000e+00	3.068957e-01
4.350000e+00	3.203696e-01
4.400000e+00	3.337492e-01
4.450000e+00	3.454969e-01
4.500000e+00	3.553024e-01
4.550000e+00	3.637997e-01
4.600000e+00	3.718910e-01
4.650000e+00	3.806810e-01
4.700000e+00	3.910752e-01
4.750000e+00	4.034354e-01
4.800000e+00	4.177767e-01
4.850000e+00	4.337830e-01
4.900000e+00	4.505718e-01
4.950000e+00	4.665015e-01
5.000000e+00	4.800283e-01
5.050000e+00	4.913194e-01
5.100000e+00	5.020008e-01
5.150000e+00	5.130502e-01
5.200000e+00	5.244781e-01
5.250000e+00	5.368981e-01
5.300000e+00	5.517685e-01
5.350000e+00	5.702670e-01
5.400000e+00	5.929312e-01
5.450000e+00	6.198812e-01
5.500000e+00	6.508408e-01
5.550000e+00	6.850001e-01
5.600000e+00	7.208605e-01
5.650000e+00	7.566791e-01
5.700000e+00	7.908702e-01
5.750000e+00	8.211603e-01
5.800000e+00	8.453407e-01
5.850000e+00	8.646219e-01
5.900000e+00	8.829439e-01
5.950000e+00	9.021740e-01
6.000000e+00	9.209345e-01
6.050000e+00	9.372269e-01
6.100000e+00	9.505557e-01
6.150000e+00	9.617845e-01
6.200000e+00	9.712097e-01
6.250000e+00	9.787549e-01
6.300000e+00	9.861860e-01
6.350000e+00	9.958749e-01
6.400000e+00	1.008159e+00
6.450000e+00	1.022279e+00
6.500000e+00	1.038102e+00
6.550000e+00	1.055429e+00
6.600000e+00	1.074232e+00
6.650000e+00	1.095858e+00
6.700000e+00	1.121089e+00
6.750000e+00	1.148110e+00
6.800000e+00	1.174752e+00
6.850000e+00	1.200832e+00
6.900000e+00	1.226838e+00
6.950000e+00	1.251021e+00
7.000000e+00	1.269018e+00
7.050000e+00	1.278430e+00
7.100000e+00	1.281605e+00
7.150000e+00	1.280811e+00
7.200000e+00	1.276162e+00
7.250000e+00	1.269846e+00
7.300000e+00	1.265993e+00
7.350000e+00	1.266304e+00
7.400000e+00	1.269488e+00
7.450000e+00	1.274656e+00
7.500000e+00	1.283099e+00
7.550000e+00	1.295114e+00
7.600000e+00	1.307058e+00
7.650000e+00	1.314538e+00
7.700000e+00	1.316717e+00
7.750000e+00	1.314092e+00
7.800000e+00	1.304208e+00
7.850000e+00	1.283858e+00
7.900000e+00	1.254065e+00
7.950000e+00	1.219307e+00
8.000000e+00	1.183097e+00
8.050000e+00	1.146677e+00
8.100000e+00	1.111527e+00
8.150000e+00	1.080025e+00
8.200000e+00	1.052316e+00
8.250000e+00	1.026197e+00
8.300000e+00	1.001673e+00
8.350000e+00	9.811152e-01
8.400000e+00	9.645032e-01
8.450000e+00	9.491862e-01
8.500000e+00	9.337515e-01
8.550000e+00	9.185829e-01
8.600000e+00	9.033914e-01
8.650000e+00	8.870914e-01
8.700000e+00	8.700727e-01
8.750000e+00	8.538538e-01
8.800000e+00	8.383562e-01
8.850000e+00	8.221247e-01
8.900000e+00	8.050982e-01
8.950000e+00	7.884047e-01
9.000000e+00	7.712505e-01
9.050000e+00	7.512003e-01
9.100000e+00	7.286120e-01
9.150000e+00	7.070052e-01
9.200000e+00	6.881793e-01
9.250000e+00	6.706053e-01
9.300000e+00	6.529060e-01
9.350000e+00	6.362637e-01
9.400000e+00	6.222973e-01
9.450000e+00	6.102005e-01
9.500000e+00	5.982949e-01
9.550000e+00	5.873333e-01
9.600000e+00	5.787608e-01
9.650000e+00	5.706025e-01
9.700000e+00	5.585998e-01
9.750000e+00	5.407569e-01
9.800000e+00	5.183661e-01
9.850000e+00	4.929415e-01
9.900000e+00	4.644758e-01
9.950000e+00	4.333618e-01
1.000000e+01	4.021655e-01
1.005000e+01	3.742226e-01
1.010000e+01	3.513740e-01
1.015000e+01	3.336534e-01
1.020000e+01	3.202834e-01
1.025000e+01	3.103669e-01
1.030000e+01	3.034880e-01
1.035000e+01	2.999313e-01
1.040000e+01	2.991014e-01
1.045000e+01	2.980822e-01
1.050000e+01	2.932096e-01
1.055000e+01	2.833144e-01
1.060000e+01	2.699535e-01
1.065000e+01	2.544535e-01
1.070000e+01	2.372232e-01
1.075000e+01	2.196016e-01
1.080000e+01	2.035764e-01
1.085000e+01	1.898365e-01
1.090000e+01	1.776154e-01
1.095000e+01	1.661146e-01
1.100000e+01	1.555912e-01
1.105000e+01	1.468929e-01
1.110000e+01	1.401336e-01
1.115000e+01	1.347377e-01
1.120000e+01	1.305760e-01
1.125000e+01	1.278202e-01
1.130000e+01	1.255204e-01
1.135000e+01	1.213423e-01
1.140000e+01	1.133925e-01
1.145000e+01	1.019643e-01
1.150000e+01	8.923149e-02
1.155000e+01	7.740343e-02
1.160000e+01	6.750838e-02
1.165000e+01	5.959524e-02
1.170000e+01	5.332581e-02
1.175000e+01	4.831702e-02
1.180000e+01	4.425260e-02
1.185000e+01	4.089623e-02
1.190000e+01	3.807692e-02
1.195000e+01	3.567148e-02
1.200000e+01	3.359047e-02
1.205000e+01	3.176809e-02
1.210000e+01	3.015517e-02
1.215000e+01	2.871438e-02
1.220000e+01	2.741693e-02
1.225000e+01	2.624031e-02
1.230000e+01	2.516663e-02
1.235000e+01	2.418154e-02
1.240000e+01	2.327336e-02
1.245000e+01	2.243248e-02
1.250000e+01	2.165091e-02
1.255000e+01	2.092197e-02
1.260000e+01	2.024001e-02
1.265000e+01	1.960019e-02
1.270000e+01	1.899838e-02
1.275000e+01	1.843101e-02
1.280000e+01	1.789495e-02
1.285000e+01	1.738749e-02
1.290000e+01	1.690623e-02
1.295000e+01	1.644906e-02
1.300000e+01	1.601409e-02
1.305000e+01	1.559966e-02
1.310000e+01	1.520426e-02
1.315000e+01	1.482655e-02
1.320000e+01	1.446531e-02
1.325000e+01	1.411944e-02
1.330000e+01	1.378795e-02
1.335000e+01	1.346991e-02
1.340000e+01	1.316452e-02
1.345000e+01	1.287099e-02
1.350000e+01	1.258865e-02
1.355000e+01	1.231686e-02
1.360000e+01	1.205501e-02
1.365000e+01	1.180257e-02
1.370000e+01	1.155903e-02
1.375000e+01	1.132393e-02
1.380000e+01	1.109684e-02
1.385000e+01	1.087735e-02
1.390000e+01	1.066508e-02
1.395000e+01	1.045969e-02
1.400000e+01	1.026085e-02
1.405000e+01	1.006826e-02
1.410000e+01	9.881619e-03
1.415000e+01	9.700669e-03
1.420000e+01	9.525155e-03
1.425000e+01	9.354840e-03
1.430000e+01	9.189501e-03
1.435000e+01	9.028927e-03
1.440000e+01	8.872920e-03
1.445000e+01	8.721292e-03
1.450000e+01	8.573867e-03
1.455000e+01	8.430477e-03
1.460000e+01	8.290964e-03
1.465000e+01	8.155177e-03
1.470000e+01	8.022974e-03
1.475000e+01	7.894220e-03
1.480000e+01	7.768786e-03
1.485000e+01	7.646550e-03
1.490000e+01	7.527397e-03
1.495000e+01	7.411215e-03
1.500000e+01	7.297900e-03
1.505000e+01	7.187352e-03
1.510000e+01	7.079473e-03
1.515000e+01	6.974174e-03
1.520000e+01	6.871368e-03
1.525000e+01	6.770970e-03
1.530000e+01	6.672901e-03
1.535000e+01	6.577085e-03
1.540000e+01	6.483450e-03
1.545000e+01	6.391925e-03
1.550000e+01	6.302444e-03
1.555000e+01	6.214942e-03
1.560000e+01	6.129359e-03
1.565000e+01	6.045634e-03
1.570000e+01	5.963713e-03
1.575000e+01	5.883539e-03
1.580000e+01	5.805062e-03
1.585000e+01	5.728231e-03
1.590000e+01	5.652998e-03
1.595000e+01	5.579316e-03
1.600000e+01	5.507141e-03
1.605000e+01	5.436431e-03
1.610000e+01	5.367143e-03
1.615000e+01	5.299237e-03
1.620000e+01	5.232676e-03
1.625000e+01	5.167423e-03
1.630000e+01	5.103442e-03
1.635000e+01	5.040698e-03
1.640000e+01	4.979158e-03
1.645000e+01	4.918790e-03
1.650000e+01	4.859564e-03
1.655000e+01	4.801449e-03
1.660000e+01	4.744417e-03
1.665000e+01	4.688439e-03
1.670000e+01	4.633489e-03
1.675000e+01	4.579541e-03
1.680000e+01	4.526569e-03
1.685000e+01	4.474549e-03
1.690000e+01	4.423458e-03
1.695000e+01	4.373272e-03
1.700000e+01	4.323969e-03
1.705000e+01	4.275529e-03
1.710000e+01	4.227930e-03
1.715000e+01	4.181152e-03
1.720000e+01	4.135176e-03
1.725000e+01	4.089982e-03
1.730000e+01	4.045554e-03
1.735000e+01	4.001871e-03
1.740000e+01	3.958918e-03
1.745000e+01	3.916678e-03
1.750000e+01	3.875135e-03
1.755000e+01	3.834272e-03
1.760000e+01	3.794074e-03
1.765000e+01	3.754527e-03
1.770000e+01	3.715617e-03
1.775000e+01	3.677328e-03
1.780000e+01	3.639648e-03
1.785000e+01	3.602563e-03
1.790000e+01	3.566060e-03
1.795000e+01	3.530128e-03
1.800000e+01	3.494753e-03
1.805000e+01	3.459923e-03
1.810000e+01	3.425629e-03
1.815000e+01	3.391857e-03
1.820000e+01	3.358597e-03
1.825000e+01	3.325839e-03
1.830000e+01	3.293573e-03
1.835000e+01	3.261787e-03
1.840000e+01	3.230473e-03
1.845000e+01	3.199621e-03
1.850000e+01	3.169222e-03
1.855000e+01	3.139266e-03
1.860000e+01	3.109744e-03
1.865000e+01	3.080649e-03
1.870000e+01	3.051972e-03
1.875000e+01	3.023704e-03
1.880000e+01	2.995837e-03
1.885000e+01	2.968365e-03
1.890000e+01	2.941278e-03
1.895000e+01	2.914571e-03
1.900000e+01	2.888235e-03
1.905000e+01	2.862264e-03
1.910000e+01	2.836650e-03
1.915000e+01	2.811387e-03
1.920000e+01	2.786469e-03
1.925000e+01	2.761889e-03
1.930000e+01	2.737641e-03
1.935000e+01	2.713719e-03
1.940000e+01	2.690116e-03
1.945000e+01	2.666828e-03
1.950000e+01	2.643847e-03
1.955000e+01	2.621170e-03
1.960000e+01	2.598790e-03
1.965000e+01	2.576702e-03
1.970000e+01	2.554900e-03
1.975000e+01	2.533381e-03
1.980000e+01	2.512139e-03
1.985000e+01	2.491168e-03
1.990000e+01	2.470465e-03
1.995000e+01	2.450025e-03
