#omega	spectral weight
-1.000000e+01	1.003967e-03
-9.950000e+00	1.013641e-03
-9.900000e+00	1.023460e-03
-9.850000e+00	1.033429e-03
-9.800000e+00	1.043550e-03
-9.750000e+00	1.053826e-03
-9.700000e+00	1.064260e-03
-9.650000e+00	1.074857e-03
-9.600000e+00	1.085619e-03
-9.550000e+00	1.096551e-03
-9.500000e+00	1.107655e-03
-9.450000e+00	1.118935e-03
-9.400000e+00	1.130396e-03
-9.350000e+00	1.142041e-03
-9.300000e+00	1.153875e-03
-9.250000e+00	1.165901e-03
-9.200000e+00	1.178124e-03
-9.150000e+00	1.190549e-03
-9.100000e+00	1.203180e-03
-9.050000e+00	1.216022e-03
-9.000000e+00	1.229079e-03
-8.950000e+00	1.242356e-03
-8.900000e+00	1.255860e-03
-8.850000e+00	1.269595e-03
-8.800000e+00	1.283566e-03
-8.750000e+00	1.297779e-03
-8.700000e+00	1.312241e-03
-8.650000e+00	1.326956e-03
-8.600000e+00	1.341932e-03
-8.550000e+00	1.357174e-03
-8.500000e+00	1.372689e-03
-8.450000e+00	1.388484e-03
-8.400000e+00	1.404566e-03
-8.350000e+00	1.420942e-03
-8.300000e+00	1.437619e-03
-8.250000e+00	1.454606e-03
-8.200000e+00	1.471910e-03
-8.150000e+00	1.489539e-03
-8.100000e+00	1.507502e-03
-8.050000e+00	1.525807e-03
-8.000000e+00	1.544464e-03
-7.950000e+00	1.563483e-03
-7.900000e+00	1.582871e-03
-7.850000e+00	1.602641e-03
-7.800000e+00	1.622801e-03
-7.750000e+00	1.643364e-03
-7.700000e+00	1.664339e-03
-7.650000e+00	1.685738e-03
-7.600000e+00	1.707574e-03
-7.550000e+00	1.729858e-03
-7.500000e+00	1.752604e-03
-7.450000e+00	1.775824e-03
-7.400000e+00	1.799533e-03
-7.350000e+00	1.823745e-03
-7.300000e+00	1.848473e-03
-7.250000e+00	1.873735e-03
-7.200000e+00	1.899545e-03
-7.150000e+00	1.925921e-03
-7.100000e+00	1.952879e-03
-7.050000e+00	1.980437e-03
-7.000000e+00	2.008614e-03
-6.950000e+00	2.037429e-03
-6.900000e+00	2.066903e-03
-6.850000e+00	2.097055e-03
-6.800000e+00	2.127908e-03
-6.750000e+00	2.159485e-03
-6.700000e+00	2.191809e-03
-6.650000e+00	2.224904e-03
-6.600000e+00	2.258797e-03
-6.550000e+00	2.293513e-03
-6.500000e+00	2.329082e-03
-6.450000e+00	2.365530e-03
-6.400000e+00	2.402890e-03
-6.350000e+00	2.441193e-03
-6.300000e+00	2.480471e-03
-6.250000e+00	2.520759e-03
-6.200000e+00	2.562094e-03
-6.150000e+00	2.604513e-03
-6.100000e+00	2.648056e-03
-6.050000e+00	2.692764e-03
-6.000000e+00	2.738680e-03
-5.950000e+00	2.785851e-03
-5.900000e+00	2.834322e-03
-5.850000e+00	2.884145e-03
-5.800000e+00	2.935372e-03
-5.750000e+00	2.988058e-03
-5.700000e+00	3.042260e-03
-5.650000e+00	3.098040e-03
-5.600000e+00	3.155461e-03
-5.550000e+00	3.214590e-03
-5.500000e+00	3.275498e-03
-5.450000e+00	3.338259e-03
-5.400000e+00	3.402952e-03
-5.350000e+00	3.469660e-03
-5.300000e+00	3.538469e-03
-5.250000e+00	3.609473e-03
-5.200000e+00	3.682767e-03
-5.150000e+00	3.758456e-03
-5.100000e+00	3.836647e-03
-5.050000e+00	3.917456e-03
-5.000000e+00	4.001005e-03
-4.950000e+00	4.087422e-03
-4.900000e+00	4.176845e-03
-4.850000e+00	4.269420e-03
-4.800000e+00	4.365300e-03
-4.750000e+00	4.464649e-03
-4.700000e+00	4.567643e-03
-4.650000e+00	4.674467e-03
-4.600000e+00	4.785319e-03
-4.550000e+00	4.900410e-03
-4.500000e+00	5.019965e-03
-4.450000e+00	5.144226e-03
-4.400000e+00	5.273449e-03
-4.350000e+00	5.407910e-03
-4.300000e+00	5.547903e-03
-4.250000e+00	5.693746e-03
-4.200000e+00	5.845777e-03
-4.150000e+00	6.004362e-03
-4.100000e+00	6.169892e-03
-4.050000e+00	6.342791e-03
-4.000000e+00	6.523513e-03
-3.950000e+00	6.712551e-03
-3.900000e+00	6.910434e-03
-3.850000e+00	7.117739e-03
-3.800000e+00	7.335087e-03
-3.750000e+00	7.563153e-03
-3.700000e+00	7.802672e-03
-3.650000e+00	8.054441e-03
-3.600000e+00	8.319330e-03
-3.550000e+00	8.598285e-03
-3.500000e+00	8.892345e-03
-3.450000e+00	9.202642e-03
-3.400000e+00	9.530419e-03
-3.350000e+00	9.877043e-03
-3.300000e+00	1.024401e-02
-3.250000e+00	1.063299e-02
-3.200000e+00	1.104580e-02
-3.150000e+00	1.148446e-02
-3.100000e+00	1.195122e-02
-3.050000e+00	1.244858e-02
-3.000000e+00	1.297930e-02
-2.950000e+00	1.354650e-02
-2.900000e+00	1.415363e-02
-2.850000e+00	1.480461e-02
-2.800000e+00	1.550380e-02
-2.750000e+00	1.625616e-02
-2.700000e+00	1.706727e-02
-2.650000e+00	1.794351e-02
-2.600000e+00	1.889209e-02
-2.550000e+00	1.992130e-02
-2.500000e+00	2.104061e-02
-2.450000e+00	2.226096e-02
-2.400000e+00	2.359495e-02
-2.350000e+00	2.505726e-02
-2.300000e+00	2.666495e-02
-2.250000e+00	2.843806e-02
-2.200000e+00	3.040014e-02
-2.150000e+00	3.257910e-02
-2.100000e+00	3.500814e-02
-2.050000e+00	3.772703e-02
-2.000000e+00	4.078369e-02
-1.950000e+00	4.423628e-02
-1.900000e+00	4.815590e-02
-1.850000e+00	5.263012e-02
-1.800000e+00	5.776778e-02
-1.750000e+00	6.370529e-02
-1.700000e+00	7.061535e-02
-1.650000e+00	7.871883e-02
-1.600000e+00	8.830141e-02
-1.550000e+00	9.973701e-02
-1.500000e+00	1.135213e-01
-1.450000e+00	1.303200e-01
-1.400000e+00	1.510402e-01
-1.350000e+00	1.769345e-01
-1.300000e+00	2.097560e-01
-1.250000e+00	2.519854e-01
-1.200000e+00	3.071519e-01
-1.150000e+00	3.802432e-01
-1.100000e+00	4.780782e-01
-1.050000e+00	6.090930e-01
-1.000000e+00	7.808341e-01
-9.500000e-01	9.912122e-01
-9.000000e-01	1.209622e+00
-8.500000e-01	1.361563e+00
-8.000000e-01	1.365705e+00
-7.500000e-01	1.219526e+00
-7.000000e-01	1.002453e+00
-6.500000e-01	7.908183e-01
-6.000000e-01	6.171851e-01
-5.500000e-01	4.845115e-01
-5.000000e-01	3.854445e-01
-4.500000e-01	3.115031e-01
-4.000000e-01	2.557769e-01
-3.500000e-01	2.131969e-01
-3.000000e-01	1.801740e-01
-2.500000e-01	1.541856e-01
-2.000000e-01	1.334501e-01
-1.500000e-01	1.166955e-01
-1.000000e-01	1.030019e-01
-5.000000e-02	9.169479e-02
1.421085e-13	8.227286e-02
5.000000e-02	7.435869e-02
1.000000e-01	6.766466e-02
1.500000e-01	6.196921e-02
2.000000e-01	5.709999e-02
2.500000e-01	5.292185e-02
3.000000e-01	4.932812e-02
3.500000e-01	4.623434e-02
4.000000e-01	4.357360e-02
4.500000e-01	4.129320e-02
5.000000e-01	3.935229e-02
5.500000e-01	3.772019e-02
6.000000e-01	3.637550e-02
6.500000e-01	3.530566e-02
7.000000e-01	3.450719e-02
7.500000e-01	3.398637e-02
8.000000e-01	3.376106e-02
8.500000e-01	3.386411e-02
9.000000e-01	3.434713e-02
9.500000e-01	3.527874e-02
1.000000e+00	3.673015e-02
1.050000e+00	3.874723e-02
1.100000e+00	4.134337e-02
1.150000e+00	4.456104e-02
1.200000e+00	4.846739e-02
1.250000e+00	5.292562e-02
1.300000e+00	5.752687e-02
1.350000e+00	6.204203e-02
1.400000e+00	6.673014e-02
1.450000e+00	7.178758e-02
1.500000e+00	7.652233e-02
1.550000e+00	7.975864e-02
1.600000e+00	8.135187e-02
1.650000e+00	8.231321e-02
1.700000e+00	8.366812e-02
1.750000e+00	8.579283e-02
1.800000e+00	8.830396e-02
1.850000e+00	9.057161e-02
1.900000e+00	9.247340e-02
1.950000e+00	9.464241e-02
2.000000e+00	9.769662e-02
2.050000e+00	1.012898e-01
2.100000e+00	1.041838e-01
2.150000e+00	1.054547e-01
2.200000e+00	1.057151e-01
2.250000e+00	1.061947e-01
2.300000e+00	1.070702e-01
2.350000e+00	1.075106e-01
2.400000e+00	1.065801e-01
2.450000e+00	1.042938e-01
2.500000e+00	1.020568e-01
2.550000e+00	1.015779e-01
2.600000e+00	1.036672e-01
2.650000e+00	1.081339e-01
2.700000e+00	1.149540e-01
2.750000e+00	1.253257e-01
2.800000e+00	1.408727e-01
2.850000e+00	1.617426e-01
2.900000e+00	1.845816e-01
2.950000e+00	2.014804e-01
3.000000e+00	2.036787e-01
3.050000e+00	1.900275e-01
3.100000e+00	1.686250e-01
3.150000e+00	1.484095e-01
3.200000e+00	1.336015e-01
3.250000e+00	1.243438e-01
3.300000e+00	1.187470e-01
3.350000e+00	1.149404e-01
3.400000e+00	1.127503e-01
3.450000e+00	1.131761e-01
3.500000e+00	1.164878e-01
3.550000e+00	1.212347e-01
3.600000e+00	1.250502e-01
3.650000e+00	1.271532e-01
3.700000e+00	1.292780e-01
3.750000e+00	1.332410e-01
3.800000e+00	1.390614e-01
3.850000e+00	1.457432e-01
3.900000e+00	1.531831e-01
3.950000e+00	1.631093e-01
4.000000e+00	1.778035e-01
4.050000e+00	1.975373e-01
4.100000e+00	2.187116e-01
4.150000e+00	2.349234e-01
4.200000e+00	2.420444e-01
4.250000e+00	2.422165e-01
4.300000e+00	2.414088e-01
4.350000e+00	2.434050e-01
4.400000e+00	2.480155e-01
4.450000e+00	2.553212e-01
4.500000e+00	2.681275e-01
4.550000e+00	2.882227e-01
4.600000e+00	3.125302e-01
4.650000e+00	3.350786e-01
4.700000e+00	3.545886e-01
4.750000e+00	3.777924e-01
4.800000e+00	4.123437e-01
4.850000e+00	4.587087e-01
4.900000e+00	5.097932e-01
4.950000e+00	5.592239e-01
5.000000e+00	6.051800e-01
5.050000e+00	6.378797e-01
5.100000e+00	6.354409e-01
5.150000e+00	5.882556e-01
5.200000e+00	5.136711e-01
5.250000e+00	4.347369e-01
5.300000e+00	3.631442e-01
5.350000e+00	3.028500e-01
5.400000e+00	2.551753e-01
5.450000e+00	2.196443e-01
5.500000e+00	1.945702e-01
5.550000e+00	1.782137e-01
5.600000e+00	1.695991e-01
5.650000e+00	1.685210e-01
5.700000e+00	1.749029e-01
5.750000e+00	1.876219e-01
5.800000e+00	2.026679e-01
5.850000e+00	2.122582e-01
5.900000e+00	2.088664e-01
5.950000e+00	1.920808e-01
6.000000e+00	1.684383e-01
6.050000e+00	1.448588e-01
6.100000e+00	1.247503e-01
6.150000e+00	1.085577e-01
6.200000e+00	9.564768e-02
6.250000e+00	8.547246e-02
6.300000e+00	7.762846e-02
6.350000e+00	7.161805e-02
6.400000e+00	6.690640e-02
6.450000e+00	6.311136e-02
6.500000e+00	6.015521e-02
6.550000e+00	5.809851e-02
6.600000e+00	5.673791e-02
6.650000e+00	5.559096e-02
6.700000e+00	5.436627e-02
6.750000e+00	5.319305e-02
6.800000e+00	5.214440e-02
6.850000e+00	5.093222e-02
6.900000e+00	4.928333e-02
6.950000e+00	4.737448e-02
7.000000e+00	4.563098e-02
7.050000e+00	4.412882e-02
7.100000e+00	4.260180e-02
7.150000e+00	4.097589e-02
7.200000e+00	3.951514e-02
7.250000e+00	3.844832e-02
7.300000e+00	3.772929e-02
7.350000e+00	3.721609e-02
7.400000e+00	3.690338e-02
7.450000e+00	3.691208e-02
7.500000e+00	3.730791e-02
7.550000e+00	3.797358e-02
7.600000e+00	3.870357e-02
7.650000e+00	3.946397e-02
7.700000e+00	4.043845e-02
7.750000e+00	4.162700e-02
7.800000e+00	4.263956e-02
7.850000e+00	4.316650e-02
7.900000e+00	4.331012e-02
7.950000e+00	4.325183e-02
8.000000e+00	4.293636e-02
8.050000e+00	4.220707e-02
8.100000e+00	4.112860e-02
8.150000e+00	3.994904e-02
8.200000e+00	3.879097e-02
8.250000e+00	3.761198e-02
8.300000e+00	3.635033e-02
8.350000e+00	3.498826e-02
8.400000e+00	3.360582e-02
8.450000e+00	3.234486e-02
8.500000e+00	3.119795e-02
8.550000e+00	2.995157e-02
8.600000e+00	2.846712e-02
8.650000e+00	2.690058e-02
8.700000e+00	2.541016e-02
8.750000e+00	2.387390e-02
8.800000e+00	2.212871e-02
8.850000e+00	2.026737e-02
8.900000e+00	1.850500e-02
8.950000e+00	1.689528e-02
9.000000e+00	1.535614e-02
9.050000e+00	1.387352e-02
9.100000e+00	1.252702e-02
9.150000e+00	1.136473e-02
9.200000e+00	1.036039e-02
9.250000e+00	9.476950e-03
9.300000e+00	8.706351e-03
9.350000e+00	8.048369e-03
9.400000e+00	7.489429e-03
9.450000e+00	7.007890e-03
9.500000e+00	6.586663e-03
9.550000e+00	6.216361e-03
9.600000e+00	5.891220e-03
9.650000e+00	5.603892e-03
9.700000e+00	5.345596e-03
9.750000e+00	5.110511e-03
9.800000e+00	4.896664e-03
9.850000e+00	4.702743e-03
9.900000e+00	4.526376e-03
9.950000e+00	4.365099e-03
1.000000e+01	4.217141e-03
1.005000e+01	4.081064e-03
1.010000e+01	3.955441e-03
1.015000e+01	3.838915e-03
1.020000e+01	3.730304e-03
1.025000e+01	3.628621e-03
1.030000e+01	3.533055e-03
1.035000e+01	3.442934e-03
1.040000e+01	3.357699e-03
1.045000e+01	3.276877e-03
1.050000e+01	3.200066e-03
1.055000e+01	3.126916e-03
1.060000e+01	3.057126e-03
1.065000e+01	2.990431e-03
1.070000e+01	2.926596e-03
1.075000e+01	2.865415e-03
1.080000e+01	2.806702e-03
1.085000e+01	2.750291e-03
1.090000e+01	2.696031e-03
1.095000e+01	2.643788e-03
1.100000e+01	2.593438e-03
1.105000e+01	2.544869e-03
1.110000e+01	2.497979e-03
1.115000e+01	2.452674e-03
1.120000e+01	2.408868e-03
1.125000e+01	2.366482e-03
1.130000e+01	2.325441e-03
1.135000e+01	2.285678e-03
1.140000e+01	2.247130e-03
1.145000e+01	2.209739e-03
1.150000e+01	2.173450e-03
1.155000e+01	2.138212e-03
1.160000e+01	2.103977e-03
1.165000e+01	2.070702e-03
1.170000e+01	2.038345e-03
1.175000e+01	2.006866e-03
1.180000e+01	1.976229e-03
1.185000e+01	1.946400e-03
1.190000e+01	1.917345e-03
1.195000e+01	1.889035e-03
1.200000e+01	1.861440e-03
1.205000e+01	1.834532e-03
1.210000e+01	1.808286e-03
1.215000e+01	1.782678e-03
1.220000e+01	1.757683e-03
1.225000e+01	1.733281e-03
1.230000e+01	1.709449e-03
1.235000e+01	1.686168e-03
1.240000e+01	1.663419e-03
1.245000e+01	1.641184e-03
1.250000e+01	1.619446e-03
1.255000e+01	1.598188e-03
1.260000e+01	1.577394e-03
1.265000e+01	1.557050e-03
1.270000e+01	1.537141e-03
1.275000e+01	1.517653e-03
1.280000e+01	1.498574e-03
1.285000e+01	1.479890e-03
1.290000e+01	1.461591e-03
1.295000e+01	1.443663e-03
1.300000e+01	1.426097e-03
1.305000e+01	1.408882e-03
1.310000e+01	1.392007e-03
1.315000e+01	1.375463e-03
1.320000e+01	1.359239e-03
1.325000e+01	1.343329e-03
1.330000e+01	1.327721e-03
1.335000e+01	1.312409e-03
1.340000e+01	1.297384e-03
1.345000e+01	1.282638e-03
1.350000e+01	1.268165e-03
1.355000e+01	1.253955e-03
1.360000e+01	1.240004e-03
1.365000e+01	1.226303e-03
1.370000e+01	1.212847e-03
1.375000e+01	1.199630e-03
1.380000e+01	1.186644e-03
1.385000e+01	1.173885e-03
1.390000e+01	1.161347e-03
1.395000e+01	1.149024e-03
1.400000e+01	1.136911e-03
1.405000e+01	1.125003e-03
1.410000e+01	1.113295e-03
1.415000e+01	1.101783e-03
1.420000e+01	1.090461e-03
1.425000e+01	1.079325e-03
1.430000e+01	1.068370e-03
1.435000e+01	1.057594e-03
1.440000e+01	1.046991e-03
1.445000e+01	1.036557e-03
1.450000e+01	1.026290e-03
1.455000e+01	1.016184e-03
1.460000e+01	1.006237e-03
1.465000e+01	9.964444e-04
1.470000e+01	9.868035e-04
1.475000e+01	9.773108e-04
1.480000e+01	9.679631e-04
1.485000e+01	9.587572e-04
1.490000e+01	9.496902e-04
1.495000e+01	9.407591e-04
1.500000e+01	9.319611e-04
1.505000e+01	9.232933e-04
1.510000e+01	9.147530e-04
1.515000e+01	9.063377e-04
1.520000e+01	8.980448e-04
1.525000e+01	8.898717e-04
1.530000e+01	8.818160e-04
1.535000e+01	8.738754e-04
1.540000e+01	8.660477e-04
1.545000e+01	8.583304e-04
1.550000e+01	8.507215e-04
1.555000e+01	8.432189e-04
1.560000e+01	8.358204e-04
1.565000e+01	8.285240e-04
1.570000e+01	8.213279e-04
1.575000e+01	8.142299e-04
1.580000e+01	8.072284e-04
1.585000e+01	8.003215e-04
1.590000e+01	7.935073e-04
1.595000e+01	7.867843e-04
1.600000e+01	7.801505e-04
1.605000e+01	7.736045e-04
1.610000e+01	7.671446e-04
1.615000e+01	7.607692e-04
1.620000e+01	7.544768e-04
1.625000e+01	7.482659e-04
1.630000e+01	7.421350e-04
1.635000e+01	7.360827e-04
1.640000e+01	7.301076e-04
1.645000e+01	7.242083e-04
1.650000e+01	7.183835e-04
1.655000e+01	7.126319e-04
1.660000e+01	7.069523e-04
1.665000e+01	7.013433e-04
1.670000e+01	6.958038e-04
1.675000e+01	6.903325e-04
1.680000e+01	6.849284e-04
1.685000e+01	6.795902e-04
1.690000e+01	6.743168e-04
1.695000e+01	6.691072e-04
1.700000e+01	6.639604e-04
1.705000e+01	6.588751e-04
1.710000e+01	6.538506e-04
1.715000e+01	6.488856e-04
1.720000e+01	6.439793e-04
1.725000e+01	6.391307e-04
1.730000e+01	6.343389e-04
1.735000e+01	6.296030e-04
1.740000e+01	6.249220e-04
1.745000e+01	6.202950e-04
1.750000e+01	6.157213e-04
1.755000e+01	6.112000e-04
1.760000e+01	6.067302e-04
1.765000e+01	6.023111e-04
1.770000e+01	5.979420e-04
1.775000e+01	5.936220e-04
1.780000e+01	5.893505e-04
1.785000e+01	5.851266e-04
1.790000e+01	5.809496e-04
1.795000e+01	5.768189e-04
1.800000e+01	5.727337e-04
1.805000e+01	5.686933e-04
1.810000e+01	5.646970e-04
1.815000e+01	5.607442e-04
1.820000e+01	5.568342e-04
1.825000e+01	5.529665e-04
1.830000e+01	5.491403e-04
1.835000e+01	5.453550e-04
1.840000e+01	5.416102e-04
1.845000e+01	5.379050e-04
1.850000e+01	5.342391e-04
1.855000e+01	5.306118e-04
1.860000e+01	5.270225e-04
1.865000e+01	5.234708e-04
1.870000e+01	5.199560e-04
1.875000e+01	5.164777e-04
1.880000e+01	5.130353e-04
1.885000e+01	5.096283e-04
1.890000e+01	5.062563e-04
1.895000e+01	5.029187e-04
1.900000e+01	4.996150e-04
1.905000e+01	4.963448e-04
1.910000e+01	4.931076e-04
1.915000e+01	4.899030e-04
1.920000e+01	4.867305e-04
1.925000e+01	4.835896e-04
1.930000e+01	4.804800e-04
1.935000e+01	4.774012e-04
1.940000e+01	4.743528e-04
1.945000e+01	4.713344e-04
1.950000e+01	4.683456e-04
1.955000e+01	4.653859e-04
1.960000e+01	4.624550e-04
1.965000e+01	4.595526e-04
1.970000e+01	4.566782e-04
1.975000e+01	4.538314e-04
1.980000e+01	4.510120e-04
1.985000e+01	4.482195e-04
1.990000e+01	4.454536e-04
1.995000e+01	4.427140e-04
