#omega	spectral weight
-1.000000e+01	5.871194e-04
-9.950000e+00	5.934159e-04
-9.900000e+00	5.998190e-04
-9.850000e+00	6.063313e-04
-9.800000e+00	6.129553e-04
-9.750000e+00	6.196937e-04
-9.700000e+00	6.265492e-04
-9.650000e+00	6.335246e-04
-9.600000e+00	6.406229e-04
-9.550000e+00	6.478470e-04
-9.500000e+00	6.552000e-04
-9.450000e+00	6.626852e-04
-9.400000e+00	6.703057e-04
-9.350000e+00	6.780649e-04
-9.300000e+00	6.859665e-04
-9.250000e+00	6.940139e-04
-9.200000e+00	7.022109e-04
-9.150000e+00	7.105614e-04
-9.100000e+00	7.190693e-04
-9.050000e+00	7.277388e-04
-9.000000e+00	7.365741e-04
-8.950000e+00	7.455796e-04
-8.900000e+00	7.547598e-04
-8.850000e+00	7.641194e-04
-8.800000e+00	7.736633e-04
-8.750000e+00	7.833965e-04
-8.700000e+00	7.933243e-04
-8.650000e+00	8.034519e-04
-8.600000e+00	8.137850e-04
-8.550000e+00	8.243293e-04
-8.500000e+00	8.350909e-04
-8.450000e+00	8.460759e-04
-8.400000e+00	8.572908e-04
-8.350000e+00	8.687422e-04
-8.300000e+00	8.804371e-04
-8.250000e+00	8.923826e-04
-8.200000e+00	9.045861e-04
-8.150000e+00	9.170554e-04
-8.100000e+00	9.297985e-04
-8.050000e+00	9.428238e-04
-8.000000e+00	9.561399e-04
-7.950000e+00	9.697557e-04
-7.900000e+00	9.836808e-04
-7.850000e+00	9.979247e-04
-7.800000e+00	1.012498e-03
-7.750000e+00	1.027410e-03
-7.700000e+00	1.042673e-03
-7.650000e+00	1.058298e-03
-7.600000e+00	1.074297e-03
-7.550000e+00	1.090682e-03
-7.500000e+00	1.107466e-03
-7.450000e+00	1.124663e-03
-7.400000e+00	1.142286e-03
-7.350000e+00	1.160351e-03
-7.300000e+00	1.178873e-03
-7.250000e+00	1.197867e-03
-7.200000e+00	1.217351e-03
-7.150000e+00	1.237342e-03
-7.100000e+00	1.257858e-03
-7.050000e+00	1.278918e-03
-7.000000e+00	1.300543e-03
-6.950000e+00	1.322753e-03
-6.900000e+00	1.345571e-03
-6.850000e+00	1.369018e-03
-6.800000e+00	1.393120e-03
-6.750000e+00	1.417902e-03
-6.700000e+00	1.443391e-03
-6.650000e+00	1.469613e-03
-6.600000e+00	1.496600e-03
-6.550000e+00	1.524380e-03
-6.500000e+00	1.552988e-03
-6.450000e+00	1.582456e-03
-6.400000e+00	1.612821e-03
-6.350000e+00	1.644121e-03
-6.300000e+00	1.676395e-03
-6.250000e+00	1.709686e-03
-6.200000e+00	1.744037e-03
-6.150000e+00	1.779496e-03
-6.100000e+00	1.816113e-03
-6.050000e+00	1.853939e-03
-6.000000e+00	1.893029e-03
-5.950000e+00	1.933443e-03
-5.900000e+00	1.975243e-03
-5.850000e+00	2.018493e-03
-5.800000e+00	2.063265e-03
-5.750000e+00	2.109631e-03
-5.700000e+00	2.157671e-03
-5.650000e+00	2.207468e-03
-5.600000e+00	2.259111e-03
-5.550000e+00	2.312695e-03
-5.500000e+00	2.368320e-03
-5.450000e+00	2.426095e-03
-5.400000e+00	2.486134e-03
-5.350000e+00	2.548560e-03
-5.300000e+00	2.613505e-03
-5.250000e+00	2.681107e-03
-5.200000e+00	2.751519e-03
-5.150000e+00	2.824901e-03
-5.100000e+00	2.901427e-03
-5.050000e+00	2.981283e-03
-5.000000e+00	3.064669e-03
-4.950000e+00	3.151800e-03
-4.900000e+00	3.242909e-03
-4.850000e+00	3.338248e-03
-4.800000e+00	3.438086e-03
-4.750000e+00	3.542717e-03
-4.700000e+00	3.652460e-03
-4.650000e+00	3.767659e-03
-4.600000e+00	3.888687e-03
-4.550000e+00	4.015954e-03
-4.500000e+00	4.149901e-03
-4.450000e+00	4.291014e-03
-4.400000e+00	4.439821e-03
-4.350000e+00	4.596901e-03
-4.300000e+00	4.762888e-03
-4.250000e+00	4.938479e-03
-4.200000e+00	5.124441e-03
-4.150000e+00	5.321618e-03
-4.100000e+00	5.530942e-03
-4.050000e+00	5.753447e-03
-4.000000e+00	5.990275e-03
-3.950000e+00	6.242699e-03
-3.900000e+00	6.512133e-03
-3.850000e+00	6.800159e-03
-3.800000e+00	7.108544e-03
-3.750000e+00	7.439272e-03
-3.700000e+00	7.794575e-03
-3.650000e+00	8.176970e-03
-3.600000e+00	8.589304e-03
-3.550000e+00	9.034808e-03
-3.500000e+00	9.517162e-03
-3.450000e+00	1.004057e-02
-3.400000e+00	1.060984e-02
-3.350000e+00	1.123053e-02
-3.300000e+00	1.190903e-02
-3.250000e+00	1.265278e-02
-3.200000e+00	1.347043e-02
-3.150000e+00	1.437211e-02
-3.100000e+00	1.536975e-02
-3.050000e+00	1.647744e-02
-3.000000e+00	1.771194e-02
-2.950000e+00	1.909333e-02
-2.900000e+00	2.064573e-02
-2.850000e+00	2.239843e-02
-2.800000e+00	2.438716e-02
-2.750000e+00	2.665588e-02
-2.700000e+00	2.925914e-02
-2.650000e+00	3.226521e-02
-2.600000e+00	3.576037e-02
-2.550000e+00	3.985476e-02
-2.500000e+00	4.469058e-02
-2.450000e+00	5.045354e-02
-2.400000e+00	5.738926e-02
-2.350000e+00	6.582692e-02
-2.300000e+00	7.621384e-02
-2.250000e+00	8.916637e-02
-2.200000e+00	1.055453e-01
-2.150000e+00	1.265664e-01
-2.100000e+00	1.539592e-01
-2.050000e+00	1.901738e-01
-2.000000e+00	2.385897e-01
-1.950000e+00	3.034970e-01
-1.900000e+00	3.891079e-01
-1.850000e+00	4.957630e-01
-1.800000e+00	6.109639e-01
-1.750000e+00	6.996300e-01
-1.700000e+00	7.168531e-01
-1.650000e+00	6.520011e-01
-1.600000e+00	5.418905e-01
-1.550000e+00	4.292726e-01
-1.500000e+00	3.349558e-01
-1.450000e+00	2.623089e-01
-1.400000e+00	2.079526e-01
-1.350000e+00	1.674093e-01
-1.300000e+00	1.369078e-01
-1.250000e+00	1.136504e-01
-1.200000e+00	9.564934e-02
-1.150000e+00	8.150720e-02
-1.100000e+00	7.023825e-02
-1.050000e+00	6.114014e-02
-1.000000e+00	5.370594e-02
-9.500000e-01	4.756472e-02
-9.000000e-01	4.244122e-02
-8.500000e-01	3.812848e-02
-8.000000e-01	3.446886e-02
-7.500000e-01	3.134085e-02
-7.000000e-01	2.864977e-02
-6.500000e-01	2.632106e-02
-6.000000e-01	2.429548e-02
-5.500000e-01	2.252552e-02
-5.000000e-01	2.097283e-02
-4.500000e-01	1.960620e-02
-4.000000e-01	1.840014e-02
-3.500000e-01	1.733367e-02
-3.000000e-01	1.638955e-02
-2.500000e-01	1.555355e-02
-2.000000e-01	1.481399e-02
-1.500000e-01	1.416133e-02
-1.000000e-01	1.358792e-02
-5.000000e-02	1.308780e-02
1.421085e-13	1.265659e-02
5.000000e-02	1.229151e-02
1.000000e-01	1.199142e-02
1.500000e-01	1.175706e-02
2.000000e-01	1.159140e-02
2.500000e-01	1.150029e-02
3.000000e-01	1.149337e-02
3.500000e-01	1.158555e-02
4.000000e-01	1.179912e-02
4.500000e-01	1.216680e-02
5.000000e-01	1.273533e-02
5.500000e-01	1.356823e-02
6.000000e-01	1.474096e-02
6.500000e-01	1.630968e-02
7.000000e-01	1.821457e-02
7.500000e-01	2.010023e-02
8.000000e-01	2.124981e-02
8.500000e-01	2.106807e-02
9.000000e-01	1.976313e-02
9.500000e-01	1.809734e-02
1.000000e+00	1.665668e-02
1.050000e+00	1.565556e-02
1.100000e+00	1.510417e-02
1.150000e+00	1.495754e-02
1.200000e+00	1.517973e-02
1.250000e+00	1.576359e-02
1.300000e+00	1.673682e-02
1.350000e+00	1.816709e-02
1.400000e+00	2.017067e-02
1.450000e+00	2.292459e-02
1.500000e+00	2.667597e-02
1.550000e+00	3.172334e-02
1.600000e+00	3.829653e-02
1.650000e+00	4.618314e-02
1.700000e+00	5.402798e-02
1.750000e+00	5.905939e-02
1.800000e+00	5.895441e-02
1.850000e+00	5.454285e-02
1.900000e+00	4.889672e-02
1.950000e+00	4.446167e-02
2.000000e+00	4.225334e-02
2.050000e+00	4.245133e-02
2.100000e+00	4.478886e-02
2.150000e+00	4.834695e-02
2.200000e+00	5.114318e-02
2.250000e+00	5.080515e-02
2.300000e+00	4.675414e-02
2.350000e+00	4.077436e-02
2.400000e+00	3.491897e-02
2.450000e+00	3.016185e-02
2.500000e+00	2.663704e-02
2.550000e+00	2.416288e-02
2.600000e+00	2.251502e-02
2.650000e+00	2.151263e-02
2.700000e+00	2.103103e-02
2.750000e+00	2.099455e-02
2.800000e+00	2.136787e-02
2.850000e+00	2.215084e-02
2.900000e+00	2.337776e-02
2.950000e+00	2.512142e-02
3.000000e+00	2.750206e-02
3.050000e+00	3.070075e-02
3.100000e+00	3.497244e-02
3.150000e+00	4.063949e-02
3.200000e+00	4.800696e-02
3.250000e+00	5.706901e-02
3.300000e+00	6.690284e-02
3.350000e+00	7.528255e-02
3.400000e+00	8.007760e-02
3.450000e+00	8.183012e-02
3.500000e+00	8.319825e-02
3.550000e+00	8.566462e-02
3.600000e+00	8.784111e-02
3.650000e+00	8.682073e-02
3.700000e+00	8.168041e-02
3.750000e+00	7.464616e-02
3.800000e+00	6.842607e-02
3.850000e+00	6.435523e-02
3.900000e+00	6.268179e-02
3.950000e+00	6.327540e-02
4.000000e+00	6.600982e-02
4.050000e+00	7.089911e-02
4.100000e+00	7.814387e-02
4.150000e+00	8.816578e-02
4.200000e+00	1.016628e-01
4.250000e+00	1.197005e-01
4.300000e+00	1.438492e-01
4.350000e+00	1.763572e-01
4.400000e+00	2.202831e-01
4.450000e+00	2.792832e-01
4.500000e+00	3.561563e-01
4.550000e+00	4.482613e-01
4.600000e+00	5.387635e-01
4.650000e+00	5.926963e-01
4.700000e+00	5.794129e-01
4.750000e+00	5.070003e-01
4.800000e+00	4.122492e-01
4.850000e+00	3.242806e-01
4.900000e+00	2.536089e-01
4.950000e+00	2.000552e-01
5.000000e+00	1.601868e-01
5.050000e+00	1.304863e-01
5.100000e+00	1.081805e-01
5.150000e+00	9.124284e-02
5.200000e+00	7.818056e-02
5.250000e+00	6.782168e-02
5.300000e+00	5.925341e-02
5.350000e+00	5.193350e-02
5.400000e+00	4.566840e-02
5.450000e+00	4.037589e-02
5.500000e+00	3.594105e-02
5.550000e+00	3.222260e-02
5.600000e+00	2.908710e-02
5.650000e+00	2.642367e-02
5.700000e+00	2.414473e-02
5.750000e+00	2.218221e-02
5.800000e+00	2.048327e-02
5.850000e+00	1.900680e-02
5.900000e+00	1.772078e-02
5.950000e+00	1.660046e-02
6.000000e+00	1.562706e-02
6.050000e+00	1.478705e-02
6.100000e+00	1.407184e-02
6.150000e+00	1.347793e-02
6.200000e+00	1.300758e-02
6.250000e+00	1.267010e-02
6.300000e+00	1.248369e-02
6.350000e+00	1.247742e-02
6.400000e+00	1.269069e-02
6.450000e+00	1.316256e-02
6.500000e+00	1.389137e-02
6.550000e+00	1.474045e-02
6.600000e+00	1.533829e-02
6.650000e+00	1.521806e-02
6.700000e+00	1.427776e-02
6.750000e+00	1.290479e-02
6.800000e+00	1.154007e-02
6.850000e+00	1.039557e-02
6.900000e+00	9.504834e-03
6.950000e+00	8.833646e-03
7.000000e+00	8.338003e-03
7.050000e+00	7.982700e-03
7.100000e+00	7.744410e-03
7.150000e+00	7.610631e-03
7.200000e+00	7.578417e-03
7.250000e+00	7.654005e-03
7.300000e+00	7.853614e-03
7.350000e+00	8.205340e-03
7.400000e+00	8.751477e-03
7.450000e+00	9.548402e-03
7.500000e+00	1.065481e-02
7.550000e+00	1.208539e-02
7.600000e+00	1.369908e-02
7.650000e+00	1.507247e-02
7.700000e+00	1.564992e-02
7.750000e+00	1.530742e-02
7.800000e+00	1.455250e-02
7.850000e+00	1.400340e-02
7.900000e+00	1.400342e-02
7.950000e+00	1.462080e-02
8.000000e+00	1.566232e-02
8.050000e+00	1.658771e-02
8.100000e+00	1.665422e-02
8.150000e+00	1.555921e-02
8.200000e+00	1.376723e-02
8.250000e+00	1.193961e-02
8.300000e+00	1.043308e-02
8.350000e+00	9.321905e-03
8.400000e+00	8.564166e-03
8.450000e+00	8.098798e-03
8.500000e+00	7.879367e-03
8.550000e+00	7.881579e-03
8.600000e+00	8.103827e-03
8.650000e+00	8.567743e-03
8.700000e+00	9.320552e-03
8.750000e+00	1.043807e-02
8.800000e+00	1.202199e-02
8.850000e+00	1.417143e-02
8.900000e+00	1.688094e-02
8.950000e+00	1.981043e-02
9.000000e+00	2.206573e-02
9.050000e+00	2.259027e-02
9.100000e+00	2.126113e-02
9.150000e+00	1.907771e-02
9.200000e+00	1.710677e-02
9.250000e+00	1.588027e-02
9.300000e+00	1.553037e-02
9.350000e+00	1.599059e-02
9.400000e+00	1.698798e-02
9.450000e+00	1.790839e-02
9.500000e+00	1.793324e-02
9.550000e+00	1.672983e-02
9.600000e+00	1.480186e-02
9.650000e+00	1.286754e-02
9.700000e+00	1.131616e-02
9.750000e+00	1.023308e-02
9.800000e+00	9.581049e-03
9.850000e+00	9.306525e-03
9.900000e+00	9.378062e-03
9.950000e+00	9.797091e-03
1.000000e+01	1.060232e-02
1.005000e+01	1.187521e-02
1.010000e+01	1.374675e-02
1.015000e+01	1.639723e-02
1.020000e+01	2.001935e-02
1.025000e+01	2.466845e-02
1.030000e+01	2.988377e-02
1.035000e+01	3.419529e-02
1.040000e+01	3.547199e-02
1.045000e+01	3.286255e-02
1.050000e+01	2.783387e-02
1.055000e+01	2.245561e-02
1.060000e+01	1.785439e-02
1.065000e+01	1.427148e-02
1.070000e+01	1.157336e-02
1.075000e+01	9.550963e-03
1.080000e+01	8.022069e-03
1.085000e+01	6.849866e-03
1.090000e+01	5.936708e-03
1.095000e+01	5.213862e-03
1.100000e+01	4.632836e-03
1.105000e+01	4.159089e-03
1.110000e+01	3.767700e-03
1.115000e+01	3.440438e-03
1.120000e+01	3.163771e-03
1.125000e+01	2.927520e-03
1.130000e+01	2.723925e-03
1.135000e+01	2.546994e-03
1.140000e+01	2.392052e-03
1.145000e+01	2.255406e-03
1.150000e+01	2.134112e-03
1.155000e+01	2.025799e-03
1.160000e+01	1.928544e-03
1.165000e+01	1.840770e-03
1.170000e+01	1.761176e-03
1.175000e+01	1.688683e-03
1.180000e+01	1.622385e-03
1.185000e+01	1.561523e-03
1.190000e+01	1.505450e-03
1.195000e+01	1.453618e-03
1.200000e+01	1.405557e-03
1.205000e+01	1.360862e-03
1.210000e+01	1.319184e-03
1.215000e+01	1.280218e-03
1.220000e+01	1.243700e-03
1.225000e+01	1.209397e-03
1.230000e+01	1.177107e-03
1.235000e+01	1.146650e-03
1.240000e+01	1.117866e-03
1.245000e+01	1.090615e-03
1.250000e+01	1.064769e-03
1.255000e+01	1.040218e-03
1.260000e+01	1.016861e-03
1.265000e+01	9.946062e-04
1.270000e+01	9.733733e-04
1.275000e+01	9.530883e-04
1.280000e+01	9.336848e-04
1.285000e+01	9.151024e-04
1.290000e+01	8.972862e-04
1.295000e+01	8.801860e-04
1.300000e+01	8.637564e-04
1.305000e+01	8.479553e-04
1.310000e+01	8.327447e-04
1.315000e+01	8.180892e-04
1.320000e+01	8.039565e-04
1.325000e+01	7.903169e-04
1.330000e+01	7.771427e-04
1.335000e+01	7.644086e-04
1.340000e+01	7.520910e-04
1.345000e+01	7.401680e-04
1.350000e+01	7.286194e-04
1.355000e+01	7.174263e-04
1.360000e+01	7.065712e-04
1.365000e+01	6.960376e-04
1.370000e+01	6.858103e-04
1.375000e+01	6.758750e-04
1.380000e+01	6.662183e-04
1.385000e+01	6.568277e-04
1.390000e+01	6.476914e-04
1.395000e+01	6.387984e-04
1.400000e+01	6.301384e-04
1.405000e+01	6.217015e-04
1.410000e+01	6.134785e-04
1.415000e+01	6.054608e-04
1.420000e+01	5.976403e-04
1.425000e+01	5.900091e-04
1.430000e+01	5.825600e-04
1.435000e+01	5.752860e-04
1.440000e+01	5.681807e-04
1.445000e+01	5.612377e-04
1.450000e+01	5.544512e-04
1.455000e+01	5.478157e-04
1.460000e+01	5.413257e-04
1.465000e+01	5.349763e-04
1.470000e+01	5.287627e-04
1.475000e+01	5.226802e-04
1.480000e+01	5.167244e-04
1.485000e+01	5.108914e-04
1.490000e+01	5.051770e-04
1.495000e+01	4.995775e-04
1.500000e+01	4.940893e-04
1.505000e+01	4.887089e-04
1.510000e+01	4.834329e-04
1.515000e+01	4.782584e-04
1.520000e+01	4.731821e-04
1.525000e+01	4.682012e-04
1.530000e+01	4.633129e-04
1.535000e+01	4.585145e-04
1.540000e+01	4.538036e-04
1.545000e+01	4.491775e-04
1.550000e+01	4.446340e-04
1.555000e+01	4.401708e-04
1.560000e+01	4.357856e-04
1.565000e+01	4.314765e-04
1.570000e+01	4.272413e-04
1.575000e+01	4.230781e-04
1.580000e+01	4.189851e-04
1.585000e+01	4.149604e-04
1.590000e+01	4.110023e-04
1.595000e+01	4.071091e-04
1.600000e+01	4.032792e-04
1.605000e+01	3.995111e-04
1.610000e+01	3.958031e-04
1.615000e+01	3.921539e-04
1.620000e+01	3.885620e-04
1.625000e+01	3.850261e-04
1.630000e+01	3.815449e-04
1.635000e+01	3.781170e-04
1.640000e+01	3.747413e-04
1.645000e+01	3.714166e-04
1.650000e+01	3.681416e-04
1.655000e+01	3.649154e-04
1.660000e+01	3.617367e-04
1.665000e+01	3.586046e-04
1.670000e+01	3.555179e-04
1.675000e+01	3.524759e-04
1.680000e+01	3.494773e-04
1.685000e+01	3.465215e-04
1.690000e+01	3.436073e-04
1.695000e+01	3.407341e-04
1.700000e+01	3.379008e-04
1.705000e+01	3.351067e-04
1.710000e+01	3.323511e-04
1.715000e+01	3.296330e-04
1.720000e+01	3.269517e-04
1.725000e+01	3.243066e-04
1.730000e+01	3.216968e-04
1.735000e+01	3.191217e-04
1.740000e+01	3.165806e-04
1.745000e+01	3.140729e-04
1.750000e+01	3.115979e-04
1.755000e+01	3.091549e-04
1.760000e+01	3.067435e-04
1.765000e+01	3.043628e-04
1.770000e+01	3.020125e-04
1.775000e+01	2.996919e-04
1.780000e+01	2.974005e-04
1.785000e+01	2.951378e-04
1.790000e+01	2.929031e-04
1.795000e+01	2.906961e-04
1.800000e+01	2.885162e-04
1.805000e+01	2.863629e-04
1.810000e+01	2.842358e-04
1.815000e+01	2.821343e-04
1.820000e+01	2.800582e-04
1.825000e+01	2.780068e-04
1.830000e+01	2.759798e-04
1.835000e+01	2.739767e-04
1.840000e+01	2.719972e-04
1.845000e+01	2.700409e-04
1.850000e+01	2.681072e-04
1.855000e+01	2.661960e-04
1.860000e+01	2.643068e-04
1.865000e+01	2.624392e-04
1.870000e+01	2.605929e-04
1.875000e+01	2.587675e-04
1.880000e+01	2.569627e-04
1.885000e+01	2.551781e-04
1.890000e+01	2.534135e-04
1.895000e+01	2.516685e-04
1.900000e+01	2.499428e-04
1.905000e+01	2.482361e-04
1.910000e+01	2.465480e-04
1.915000e+01	2.448784e-04
1.920000e+01	2.432269e-04
1.925000e+01	2.415932e-04
1.930000e+01	2.399770e-04
1.935000e+01	2.383782e-04
1.940000e+01	2.367963e-04
1.945000e+01	2.352313e-04
1.950000e+01	2.336827e-04
1.955000e+01	2.321504e-04
1.960000e+01	2.306341e-04
1.965000e+01	2.291336e-04
1.970000e+01	2.276487e-04
1.975000e+01	2.261790e-04
1.980000e+01	2.247245e-04
1.985000e+01	2.232848e-04
1.990000e+01	2.218598e-04
1.995000e+01	2.204493e-04
