#omega	spectral weight
-1.000000e+01	3.420525e-04
-9.950000e+00	3.448014e-04
-9.900000e+00	3.475854e-04
-9.850000e+00	3.504051e-04
-9.800000e+00	3.532611e-04
-9.750000e+00	3.561542e-04
-9.700000e+00	3.590848e-04
-9.650000e+00	3.620539e-04
-9.600000e+00	3.650620e-04
-9.550000e+00	3.681098e-04
-9.500000e+00	3.711982e-04
-9.450000e+00	3.743278e-04
-9.400000e+00	3.774994e-04
-9.350000e+00	3.807139e-04
-9.300000e+00	3.839720e-04
-9.250000e+00	3.872745e-04
-9.200000e+00	3.906224e-04
-9.150000e+00	3.940164e-04
-9.100000e+00	3.974575e-04
-9.050000e+00	4.009466e-04
-9.000000e+00	4.044847e-04
-8.950000e+00	4.080726e-04
-8.900000e+00	4.117114e-04
-8.850000e+00	4.154021e-04
-8.800000e+00	4.191458e-04
-8.750000e+00	4.229434e-04
-8.700000e+00	4.267961e-04
-8.650000e+00	4.307050e-04
-8.600000e+00	4.346713e-04
-8.550000e+00	4.386962e-04
-8.500000e+00	4.427808e-04
-8.450000e+00	4.469264e-04
-8.400000e+00	4.511343e-04
-8.350000e+00	4.554058e-04
-8.300000e+00	4.597422e-04
-8.250000e+00	4.641450e-04
-8.200000e+00	4.686156e-04
-8.150000e+00	4.731554e-04
-8.100000e+00	4.777660e-04
-8.050000e+00	4.824488e-04
-8.000000e+00	4.872056e-04
-7.950000e+00	4.920379e-04
-7.900000e+00	4.969474e-04
-7.850000e+00	5.019359e-04
-7.800000e+00	5.070052e-04
-7.750000e+00	5.121570e-04
-7.700000e+00	5.173933e-04
-7.650000e+00	5.227161e-04
-7.600000e+00	5.281274e-04
-7.550000e+00	5.336291e-04
-7.500000e+00	5.392235e-04
-7.450000e+00	5.449128e-04
-7.400000e+00	5.506993e-04
-7.350000e+00	5.565852e-04
-7.300000e+00	5.625729e-04
-7.250000e+00	5.686651e-04
-7.200000e+00	5.748642e-04
-7.150000e+00	5.811728e-04
-7.100000e+00	5.875938e-04
-7.050000e+00	5.941300e-04
-7.000000e+00	6.007842e-04
-6.950000e+00	6.075595e-04
-6.900000e+00	6.144589e-04
-6.850000e+00	6.214858e-04
-6.800000e+00	6.286433e-04
-6.750000e+00	6.359351e-04
-6.700000e+00	6.433645e-04
-6.650000e+00	6.509353e-04
-6.600000e+00	6.586513e-04
-6.550000e+00	6.665164e-04
-6.500000e+00	6.745347e-04
-6.450000e+00	6.827104e-04
-6.400000e+00	6.910479e-04
-6.350000e+00	6.995517e-04
-6.300000e+00	7.082265e-04
-6.250000e+00	7.170772e-04
-6.200000e+00	7.261087e-04
-6.150000e+00	7.353264e-04
-6.100000e+00	7.447356e-04
-6.050000e+00	7.543420e-04
-6.000000e+00	7.641514e-04
-5.950000e+00	7.741699e-04
-5.900000e+00	7.844038e-04
-5.850000e+00	7.948597e-04
-5.800000e+00	8.055443e-04
-5.750000e+00	8.164648e-04
-5.700000e+00	8.276285e-04
-5.650000e+00	8.390431e-04
-5.600000e+00	8.507165e-04
-5.550000e+00	8.626570e-04
-5.500000e+00	8.748734e-04
-5.450000e+00	8.873745e-04
-5.400000e+00	9.001699e-04
-5.350000e+00	9.132693e-04
-5.300000e+00	9.266830e-04
-5.250000e+00	9.404215e-04
-5.200000e+00	9.544960e-04
-5.150000e+00	9.689182e-04
-5.100000e+00	9.837002e-04
-5.050000e+00	9.988547e-04
-5.000000e+00	1.014395e-03
-4.950000e+00	1.030335e-03
-4.900000e+00	1.046689e-03
-4.850000e+00	1.063473e-03
-4.800000e+00	1.080702e-03
-4.750000e+00	1.098393e-03
-4.700000e+00	1.116563e-03
-4.650000e+00	1.135232e-03
-4.600000e+00	1.154418e-03
-4.550000e+00	1.174141e-03
-4.500000e+00	1.194424e-03
-4.450000e+00	1.215287e-03
-4.400000e+00	1.236755e-03
-4.350000e+00	1.258853e-03
-4.300000e+00	1.281606e-03
-4.250000e+00	1.305042e-03
-4.200000e+00	1.329190e-03
-4.150000e+00	1.354080e-03
-4.100000e+00	1.379746e-03
-4.050000e+00	1.406219e-03
-4.000000e+00	1.433538e-03
-3.950000e+00	1.461739e-03
-3.900000e+00	1.490863e-03
-3.850000e+00	1.520952e-03
-3.800000e+00	1.552052e-03
-3.750000e+00	1.584211e-03
-3.700000e+00	1.617478e-03
-3.650000e+00	1.651908e-03
-3.600000e+00	1.687559e-03
-3.550000e+00	1.724490e-03
-3.500000e+00	1.762767e-03
-3.450000e+00	1.802459e-03
-3.400000e+00	1.843639e-03
-3.350000e+00	1.886386e-03
-3.300000e+00	1.930784e-03
-3.250000e+00	1.976921e-03
-3.200000e+00	2.024894e-03
-3.150000e+00	2.074805e-03
-3.100000e+00	2.126765e-03
-3.050000e+00	2.180891e-03
-3.000000e+00	2.237309e-03
-2.950000e+00	2.296156e-03
-2.900000e+00	2.357579e-03
-2.850000e+00	2.421734e-03
-2.800000e+00	2.488793e-03
-2.750000e+00	2.558940e-03
-2.700000e+00	2.632373e-03
-2.650000e+00	2.709307e-03
-2.600000e+00	2.789976e-03
-2.550000e+00	2.874634e-03
-2.500000e+00	2.963555e-03
-2.450000e+00	3.057039e-03
-2.400000e+00	3.155414e-03
-2.350000e+00	3.259036e-03
-2.300000e+00	3.368295e-03
-2.250000e+00	3.483619e-03
-2.200000e+00	3.605477e-03
-2.150000e+00	3.734385e-03
-2.100000e+00	3.870910e-03
-2.050000e+00	4.015678e-03
-2.000000e+00	4.169382e-03
-1.950000e+00	4.332789e-03
-1.900000e+00	4.506750e-03
-1.850000e+00	4.692213e-03
-1.800000e+00	4.890233e-03
-1.750000e+00	5.101992e-03
-1.700000e+00	5.328812e-03
-1.650000e+00	5.572179e-03
-1.600000e+00	5.833769e-03
-1.550000e+00	6.115473e-03
-1.500000e+00	6.419435e-03
-1.450000e+00	6.748094e-03
-1.400000e+00	7.104230e-03
-1.350000e+00	7.491026e-03
-1.300000e+00	7.912137e-03
-1.250000e+00	8.371781e-03
-1.200000e+00	8.874841e-03
-1.150000e+00	9.426995e-03
-1.100000e+00	1.003488e-02
-1.050000e+00	1.070628e-02
-1.000000e+00	1.145038e-02
-9.500000e-01	1.227809e-02
-9.000000e-01	1.320242e-02
-8.500000e-01	1.423899e-02
-8.000000e-01	1.540667e-02
-7.500000e-01	1.672843e-02
-7.000000e-01	1.823245e-02
-6.500000e-01	1.995354e-02
-6.000000e-01	2.193514e-02
-5.500000e-01	2.423187e-02
-5.000000e-01	2.691319e-02
-4.500000e-01	3.006831e-02
-4.000000e-01	3.381318e-02
-3.500000e-01	3.830030e-02
-3.000000e-01	4.373288e-02
-2.500000e-01	5.038545e-02
-2.000000e-01	5.863400e-02
-1.500000e-01	6.900071e-02
-1.000000e-01	8.221988e-02
-5.000000e-02	9.933374e-02
1.421085e-13	1.218241e-01
5.000000e-02	1.517670e-01
1.000000e-01	1.919229e-01
1.500000e-01	2.454368e-01
2.000000e-01	3.142384e-01
2.500000e-01	3.944202e-01
3.000000e-01	4.685075e-01
3.500000e-01	5.050391e-01
4.000000e-01	4.825389e-01
4.500000e-01	4.147275e-01
5.000000e-01	3.337799e-01
5.500000e-01	2.613957e-01
6.000000e-01	2.041403e-01
6.500000e-01	1.609557e-01
7.000000e-01	1.287671e-01
7.500000e-01	1.046607e-01
8.000000e-01	8.639040e-02
8.500000e-01	7.233968e-02
9.000000e-01	6.136980e-02
9.500000e-01	5.267955e-02
1.000000e+00	4.570075e-02
1.050000e+00	4.002563e-02
1.100000e+00	3.535754e-02
1.150000e+00	3.147763e-02
1.200000e+00	2.822225e-02
1.250000e+00	2.546736e-02
1.300000e+00	2.311782e-02
1.350000e+00	2.109979e-02
1.400000e+00	1.935531e-02
1.450000e+00	1.783847e-02
1.500000e+00	1.651252e-02
1.550000e+00	1.534781e-02
1.600000e+00	1.432022e-02
1.650000e+00	1.340997e-02
1.700000e+00	1.260073e-02
1.750000e+00	1.187892e-02
1.800000e+00	1.123321e-02
1.850000e+00	1.065404e-02
1.900000e+00	1.013335e-02
1.950000e+00	9.664290e-03
2.000000e+00	9.241001e-03
2.050000e+00	8.858469e-03
2.100000e+00	8.512377e-03
2.150000e+00	8.198995e-03
2.200000e+00	7.915089e-03
2.250000e+00	7.657849e-03
2.300000e+00	7.424823e-03
2.350000e+00	7.213869e-03
2.400000e+00	7.023108e-03
2.450000e+00	6.850894e-03
2.500000e+00	6.695780e-03
2.550000e+00	6.556489e-03
2.600000e+00	6.431902e-03
2.650000e+00	6.321029e-03
2.700000e+00	6.223003e-03
2.750000e+00	6.137057e-03
2.800000e+00	6.062523e-03
2.850000e+00	5.998814e-03
2.900000e+00	5.945418e-03
2.950000e+00	5.901894e-03
3.000000e+00	5.867864e-03
3.050000e+00	5.843004e-03
3.100000e+00	5.827048e-03
3.150000e+00	5.819776e-03
3.200000e+00	5.821016e-03
3.250000e+00	5.830640e-03
3.300000e+00	5.848564e-03
3.350000e+00	5.874741e-03
3.400000e+00	5.909168e-03
3.450000e+00	5.951879e-03
3.500000e+00	6.002946e-03
3.550000e+00	6.062483e-03
3.600000e+00	6.130643e-03
3.650000e+00	6.207616e-03
3.700000e+00	6.293640e-03
3.750000e+00	6.388993e-03
3.800000e+00	6.494000e-03
3.850000e+00	6.609034e-03
3.900000e+00	6.734522e-03
3.950000e+00	6.870944e-03
4.000000e+00	7.018844e-03
4.050000e+00	7.178827e-03
4.100000e+00	7.351573e-03
4.150000e+00	7.537838e-03
4.200000e+00	7.738464e-03
4.250000e+00	7.954389e-03
4.300000e+00	8.186655e-03
4.350000e+00	8.436422e-03
4.400000e+00	8.704982e-03
4.450000e+00	8.993771e-03
4.500000e+00	9.304392e-03
4.550000e+00	9.638633e-03
4.600000e+00	9.998495e-03
4.650000e+00	1.038621e-02
4.700000e+00	1.080430e-02
4.750000e+00	1.125558e-02
4.800000e+00	1.174322e-02
4.850000e+00	1.227082e-02
4.900000e+00	1.284245e-02
4.950000e+00	1.346270e-02
5.000000e+00	1.413683e-02
5.050000e+00	1.487084e-02
5.100000e+00	1.567160e-02
5.150000e+00	1.654702e-02
5.200000e+00	1.750620e-02
5.250000e+00	1.855973e-02
5.300000e+00	1.971990e-02
5.350000e+00	2.100110e-02
5.400000e+00	2.242022e-02
5.450000e+00	2.399720e-02
5.500000e+00	2.575572e-02
5.550000e+00	2.772403e-02
5.600000e+00	2.993610e-02
5.650000e+00	3.243296e-02
5.700000e+00	3.526460e-02
5.750000e+00	3.849235e-02
5.800000e+00	4.219204e-02
5.850000e+00	4.645830e-02
5.900000e+00	5.141025e-02
5.950000e+00	5.719939e-02
6.000000e+00	6.402049e-02
6.050000e+00	7.212678e-02
6.100000e+00	8.185158e-02
6.150000e+00	9.363939e-02
6.200000e+00	1.080910e-01
6.250000e+00	1.260301e-01
6.300000e+00	1.486012e-01
6.350000e+00	1.774147e-01
6.400000e+00	2.147571e-01
6.450000e+00	2.638786e-01
6.500000e+00	3.293261e-01
6.550000e+00	4.171176e-01
6.600000e+00	5.340179e-01
6.650000e+00	6.838570e-01
6.700000e+00	8.571465e-01
6.750000e+00	1.014389e+00
6.800000e+00	1.087166e+00
6.850000e+00	1.032296e+00
6.900000e+00	8.830201e-01
6.950000e+00	7.086845e-01
7.000000e+00	5.542016e-01
7.050000e+00	4.324579e-01
7.100000e+00	3.407358e-01
7.150000e+00	2.723597e-01
7.200000e+00	2.211144e-01
7.250000e+00	1.822354e-01
7.300000e+00	1.523005e-01
7.350000e+00	1.288996e-01
7.400000e+00	1.103366e-01
7.450000e+00	9.540824e-02
7.500000e+00	8.325016e-02
7.550000e+00	7.323320e-02
7.600000e+00	6.489284e-02
7.650000e+00	5.788144e-02
7.700000e+00	5.193537e-02
7.750000e+00	4.685225e-02
7.800000e+00	4.247488e-02
7.850000e+00	3.867987e-02
7.900000e+00	3.536932e-02
7.950000e+00	3.246490e-02
8.000000e+00	2.990332e-02
8.050000e+00	2.763306e-02
8.100000e+00	2.561185e-02
8.150000e+00	2.380476e-02
8.200000e+00	2.218273e-02
8.250000e+00	2.072146e-02
8.300000e+00	1.940047e-02
8.350000e+00	1.820243e-02
8.400000e+00	1.711258e-02
8.450000e+00	1.611832e-02
8.500000e+00	1.520881e-02
8.550000e+00	1.437471e-02
8.600000e+00	1.360792e-02
8.650000e+00	1.290139e-02
8.700000e+00	1.224898e-02
8.750000e+00	1.164530e-02
8.800000e+00	1.108562e-02
8.850000e+00	1.056577e-02
8.900000e+00	1.008204e-02
8.950000e+00	9.631173e-03
9.000000e+00	9.210250e-03
9.050000e+00	8.816675e-03
9.100000e+00	8.448126e-03
9.150000e+00	8.102520e-03
9.200000e+00	7.777990e-03
9.250000e+00	7.472851e-03
9.300000e+00	7.185586e-03
9.350000e+00	6.914821e-03
9.400000e+00	6.659313e-03
9.450000e+00	6.417933e-03
9.500000e+00	6.189655e-03
9.550000e+00	5.973545e-03
9.600000e+00	5.768748e-03
9.650000e+00	5.574487e-03
9.700000e+00	5.390047e-03
9.750000e+00	5.214774e-03
9.800000e+00	5.048069e-03
9.850000e+00	4.889378e-03
9.900000e+00	4.738194e-03
9.950000e+00	4.594049e-03
1.000000e+01	4.456509e-03
1.005000e+01	4.325174e-03
1.010000e+01	4.199676e-03
1.015000e+01	4.079670e-03
1.020000e+01	3.964840e-03
1.025000e+01	3.854889e-03
1.030000e+01	3.749544e-03
1.035000e+01	3.648549e-03
1.040000e+01	3.551666e-03
1.045000e+01	3.458673e-03
1.050000e+01	3.369364e-03
1.055000e+01	3.283545e-03
1.060000e+01	3.201034e-03
1.065000e+01	3.121664e-03
1.070000e+01	3.045275e-03
1.075000e+01	2.971718e-03
1.080000e+01	2.900854e-03
1.085000e+01	2.832553e-03
1.090000e+01	2.766690e-03
1.095000e+01	2.703151e-03
1.100000e+01	2.641826e-03
1.105000e+01	2.582613e-03
1.110000e+01	2.525415e-03
1.115000e+01	2.470141e-03
1.120000e+01	2.416704e-03
1.125000e+01	2.365024e-03
1.130000e+01	2.315023e-03
1.135000e+01	2.266629e-03
1.140000e+01	2.219772e-03
1.145000e+01	2.174389e-03
1.150000e+01	2.130417e-03
1.155000e+01	2.087798e-03
1.160000e+01	2.046475e-03
1.165000e+01	2.006397e-03
1.170000e+01	1.967514e-03
1.175000e+01	1.929778e-03
1.180000e+01	1.893144e-03
1.185000e+01	1.857568e-03
1.190000e+01	1.823011e-03
1.195000e+01	1.789433e-03
1.200000e+01	1.756796e-03
1.205000e+01	1.725067e-03
1.210000e+01	1.694211e-03
1.215000e+01	1.664196e-03
1.220000e+01	1.634991e-03
1.225000e+01	1.606567e-03
1.230000e+01	1.578897e-03
1.235000e+01	1.551953e-03
1.240000e+01	1.525710e-03
1.245000e+01	1.500144e-03
1.250000e+01	1.475231e-03
1.255000e+01	1.450949e-03
1.260000e+01	1.427277e-03
1.265000e+01	1.404193e-03
1.270000e+01	1.381679e-03
1.275000e+01	1.359716e-03
1.280000e+01	1.338285e-03
1.285000e+01	1.317370e-03
1.290000e+01	1.296954e-03
1.295000e+01	1.277020e-03
1.300000e+01	1.257553e-03
1.305000e+01	1.238540e-03
1.310000e+01	1.219965e-03
1.315000e+01	1.201816e-03
1.320000e+01	1.184078e-03
1.325000e+01	1.166740e-03
1.330000e+01	1.149790e-03
1.335000e+01	1.133215e-03
1.340000e+01	1.117005e-03
1.345000e+01	1.101149e-03
1.350000e+01	1.085637e-03
1.355000e+01	1.070458e-03
1.360000e+01	1.055603e-03
1.365000e+01	1.041063e-03
1.370000e+01	1.026829e-03
1.375000e+01	1.012891e-03
1.380000e+01	9.992428e-04
1.385000e+01	9.858752e-04
1.390000e+01	9.727805e-04
1.395000e+01	9.599514e-04
1.400000e+01	9.473806e-04
1.405000e+01	9.350611e-04
1.410000e+01	9.229862e-04
1.415000e+01	9.111494e-04
1.420000e+01	8.995443e-04
1.425000e+01	8.881649e-04
1.430000e+01	8.770053e-04
1.435000e+01	8.660598e-04
1.440000e+01	8.553228e-04
1.445000e+01	8.447890e-04
1.450000e+01	8.344533e-04
1.455000e+01	8.243107e-04
1.460000e+01	8.143562e-04
1.465000e+01	8.045853e-04
1.470000e+01	7.949934e-04
1.475000e+01	7.855760e-04
1.480000e+01	7.763289e-04
1.485000e+01	7.672480e-04
1.490000e+01	7.583293e-04
1.495000e+01	7.495688e-04
1.500000e+01	7.409627e-04
1.505000e+01	7.325076e-04
1.510000e+01	7.241996e-04
1.515000e+01	7.160355e-04
1.520000e+01	7.080119e-04
1.525000e+01	7.001255e-04
1.530000e+01	6.923732e-04
1.535000e+01	6.847519e-04
1.540000e+01	6.772586e-04
1.545000e+01	6.698905e-04
1.550000e+01	6.626447e-04
1.555000e+01	6.555185e-04
1.560000e+01	6.485092e-04
1.565000e+01	6.416143e-04
1.570000e+01	6.348313e-04
1.575000e+01	6.281577e-04
1.580000e+01	6.215911e-04
1.585000e+01	6.151293e-04
1.590000e+01	6.087699e-04
1.595000e+01	6.025109e-04
1.600000e+01	5.963500e-04
1.605000e+01	5.902853e-04
1.610000e+01	5.843146e-04
1.615000e+01	5.784360e-04
1.620000e+01	5.726477e-04
1.625000e+01	5.669477e-04
1.630000e+01	5.613343e-04
1.635000e+01	5.558056e-04
1.640000e+01	5.503600e-04
1.645000e+01	5.449957e-04
1.650000e+01	5.397112e-04
1.655000e+01	5.345048e-04
1.660000e+01	5.293750e-04
1.665000e+01	5.243203e-04
1.670000e+01	5.193391e-04
1.675000e+01	5.144301e-04
1.680000e+01	5.095919e-04
1.685000e+01	5.048230e-04
1.690000e+01	5.001222e-04
1.695000e+01	4.954881e-04
1.700000e+01	4.909195e-04
1.705000e+01	4.864150e-04
1.710000e+01	4.819736e-04
1.715000e+01	4.775940e-04
1.720000e+01	4.732750e-04
1.725000e+01	4.690156e-04
1.730000e+01	4.648146e-04
1.735000e+01	4.606709e-04
1.740000e+01	4.565835e-04
1.745000e+01	4.525514e-04
1.750000e+01	4.485735e-04
1.755000e+01	4.446490e-04
1.760000e+01	4.407767e-04
1.765000e+01	4.369558e-04
1.770000e+01	4.331853e-04
1.775000e+01	4.294645e-04
1.780000e+01	4.257923e-04
1.785000e+01	4.221679e-04
1.790000e+01	4.185906e-04
1.795000e+01	4.150594e-04
1.800000e+01	4.115735e-04
1.805000e+01	4.081323e-04
1.810000e+01	4.047349e-04
1.815000e+01	4.013805e-04
1.820000e+01	3.980685e-04
1.825000e+01	3.947981e-04
1.830000e+01	3.915686e-04
1.835000e+01	3.883793e-04
1.840000e+01	3.852296e-04
1.845000e+01	3.821187e-04
1.850000e+01	3.790461e-04
1.855000e+01	3.760111e-04
1.860000e+01	3.730131e-04
1.865000e+01	3.700515e-04
1.870000e+01	3.671257e-04
1.875000e+01	3.642351e-04
1.880000e+01	3.613791e-04
1.885000e+01	3.585572e-04
1.890000e+01	3.557689e-04
1.895000e+01	3.530135e-04
1.900000e+01	3.502906e-04
1.905000e+01	3.475997e-04
1.910000e+01	3.449402e-04
1.915000e+01	3.423116e-04
1.920000e+01	3.397136e-04
1.925000e+01	3.371455e-04
1.930000e+01	3.346070e-04
1.935000e+01	3.320975e-04
1.940000e+01	3.296167e-04
1.945000e+01	3.271641e-04
1.950000e+01	3.247392e-04
1.955000e+01	3.223416e-04
1.960000e+01	3.199710e-04
1.965000e+01	3.176269e-04
1.970000e+01	3.153089e-04
1.975000e+01	3.130166e-04
1.980000e+01	3.107497e-04
1.985000e+01	3.085077e-04
1.990000e+01	3.062903e-04
1.995000e+01	3.040972e-04
