#omega	spectral weight
-1.000000e+01	2.483266e-04
-9.950000e+00	2.499975e-04
-9.900000e+00	2.516860e-04
-9.850000e+00	2.533924e-04
-9.800000e+00	2.551170e-04
-9.750000e+00	2.568600e-04
-9.700000e+00	2.586217e-04
-9.650000e+00	2.604023e-04
-9.600000e+00	2.622022e-04
-9.550000e+00	2.640216e-04
-9.500000e+00	2.658609e-04
-9.450000e+00	2.677202e-04
-9.400000e+00	2.696001e-04
-9.350000e+00	2.715006e-04
-9.300000e+00	2.734223e-04
-9.250000e+00	2.753653e-04
-9.200000e+00	2.773300e-04
-9.150000e+00	2.793168e-04
-9.100000e+00	2.813260e-04
-9.050000e+00	2.833580e-04
-9.000000e+00	2.854130e-04
-8.950000e+00	2.874916e-04
-8.900000e+00	2.895939e-04
-8.850000e+00	2.917205e-04
-8.800000e+00	2.938717e-04
-8.750000e+00	2.960479e-04
-8.700000e+00	2.982496e-04
-8.650000e+00	3.004770e-04
-8.600000e+00	3.027307e-04
-8.550000e+00	3.050110e-04
-8.500000e+00	3.073185e-04
-8.450000e+00	3.096535e-04
-8.400000e+00	3.120165e-04
-8.350000e+00	3.144081e-04
-8.300000e+00	3.168285e-04
-8.250000e+00	3.192785e-04
-8.200000e+00	3.217583e-04
-8.150000e+00	3.242687e-04
-8.100000e+00	3.268100e-04
-8.050000e+00	3.293828e-04
-8.000000e+00	3.319877e-04
-7.950000e+00	3.346251e-04
-7.900000e+00	3.372958e-04
-7.850000e+00	3.400002e-04
-7.800000e+00	3.427389e-04
-7.750000e+00	3.455126e-04
-7.700000e+00	3.483219e-04
-7.650000e+00	3.511674e-04
-7.600000e+00	3.540497e-04
-7.550000e+00	3.569696e-04
-7.500000e+00	3.599277e-04
-7.450000e+00	3.629247e-04
-7.400000e+00	3.659613e-04
-7.350000e+00	3.690383e-04
-7.300000e+00	3.721564e-04
-7.250000e+00	3.753163e-04
-7.200000e+00	3.785189e-04
-7.150000e+00	3.817649e-04
-7.100000e+00	3.850552e-04
-7.050000e+00	3.883906e-04
-7.000000e+00	3.917720e-04
-6.950000e+00	3.952003e-04
-6.900000e+00	3.986763e-04
-6.850000e+00	4.022010e-04
-6.800000e+00	4.057754e-04
-6.750000e+00	4.094004e-04
-6.700000e+00	4.130770e-04
-6.650000e+00	4.168063e-04
-6.600000e+00	4.205893e-04
-6.550000e+00	4.244271e-04
-6.500000e+00	4.283207e-04
-6.450000e+00	4.322714e-04
-6.400000e+00	4.362803e-04
-6.350000e+00	4.403487e-04
-6.300000e+00	4.444776e-04
-6.250000e+00	4.486684e-04
-6.200000e+00	4.529225e-04
-6.150000e+00	4.572410e-04
-6.100000e+00	4.616255e-04
-6.050000e+00	4.660772e-04
-6.000000e+00	4.705977e-04
-5.950000e+00	4.751884e-04
-5.900000e+00	4.798509e-04
-5.850000e+00	4.845867e-04
-5.800000e+00	4.893974e-04
-5.750000e+00	4.942848e-04
-5.700000e+00	4.992504e-04
-5.650000e+00	5.042962e-04
-5.600000e+00	5.094238e-04
-5.550000e+00	5.146351e-04
-5.500000e+00	5.199321e-04
-5.450000e+00	5.253167e-04
-5.400000e+00	5.307909e-04
-5.350000e+00	5.363569e-04
-5.300000e+00	5.420168e-04
-5.250000e+00	5.477728e-04
-5.200000e+00	5.536272e-04
-5.150000e+00	5.595824e-04
-5.100000e+00	5.656407e-04
-5.050000e+00	5.718048e-04
-5.000000e+00	5.780772e-04
-4.950000e+00	5.844605e-04
-4.900000e+00	5.909575e-04
-4.850000e+00	5.975710e-04
-4.800000e+00	6.043040e-04
-4.750000e+00	6.111596e-04
-4.700000e+00	6.181408e-04
-4.650000e+00	6.252508e-04
-4.600000e+00	6.324930e-04
-4.550000e+00	6.398709e-04
-4.500000e+00	6.473880e-04
-4.450000e+00	6.550480e-04
-4.400000e+00	6.628547e-04
-4.350000e+00	6.708120e-04
-4.300000e+00	6.789241e-04
-4.250000e+00	6.871952e-04
-4.200000e+00	6.956296e-04
-4.150000e+00	7.042318e-04
-4.100000e+00	7.130066e-04
-4.050000e+00	7.219588e-04
-4.000000e+00	7.310935e-04
-3.950000e+00	7.404158e-04
-3.900000e+00	7.499312e-04
-3.850000e+00	7.596452e-04
-3.800000e+00	7.695639e-04
-3.750000e+00	7.796930e-04
-3.700000e+00	7.900390e-04
-3.650000e+00	8.006084e-04
-3.600000e+00	8.114079e-04
-3.550000e+00	8.224446e-04
-3.500000e+00	8.337258e-04
-3.450000e+00	8.452590e-04
-3.400000e+00	8.570523e-04
-3.350000e+00	8.691137e-04
-3.300000e+00	8.814520e-04
-3.250000e+00	8.940760e-04
-3.200000e+00	9.069951e-04
-3.150000e+00	9.202188e-04
-3.100000e+00	9.337573e-04
-3.050000e+00	9.476211e-04
-3.000000e+00	9.618211e-04
-2.950000e+00	9.763690e-04
-2.900000e+00	9.912765e-04
-2.850000e+00	1.006556e-03
-2.800000e+00	1.022221e-03
-2.750000e+00	1.038285e-03
-2.700000e+00	1.054762e-03
-2.650000e+00	1.071667e-03
-2.600000e+00	1.089015e-03
-2.550000e+00	1.106824e-03
-2.500000e+00	1.125109e-03
-2.450000e+00	1.143890e-03
-2.400000e+00	1.163184e-03
-2.350000e+00	1.183012e-03
-2.300000e+00	1.203394e-03
-2.250000e+00	1.224352e-03
-2.200000e+00	1.245909e-03
-2.150000e+00	1.268089e-03
-2.100000e+00	1.290916e-03
-2.050000e+00	1.314418e-03
-2.000000e+00	1.338623e-03
-1.950000e+00	1.363559e-03
-1.900000e+00	1.389259e-03
-1.850000e+00	1.415754e-03
-1.800000e+00	1.443079e-03
-1.750000e+00	1.471271e-03
-1.700000e+00	1.500368e-03
-1.650000e+00	1.530410e-03
-1.600000e+00	1.561441e-03
-1.550000e+00	1.593507e-03
-1.500000e+00	1.626655e-03
-1.450000e+00	1.660937e-03
-1.400000e+00	1.696407e-03
-1.350000e+00	1.733122e-03
-1.300000e+00	1.771144e-03
-1.250000e+00	1.810537e-03
-1.200000e+00	1.851372e-03
-1.150000e+00	1.893720e-03
-1.100000e+00	1.937662e-03
-1.050000e+00	1.983280e-03
-1.000000e+00	2.030665e-03
-9.500000e-01	2.079910e-03
-9.000000e-01	2.131119e-03
-8.500000e-01	2.184401e-03
-8.000000e-01	2.239872e-03
-7.500000e-01	2.297659e-03
-7.000000e-01	2.357895e-03
-6.500000e-01	2.420727e-03
-6.000000e-01	2.486308e-03
-5.500000e-01	2.554808e-03
-5.000000e-01	2.626406e-03
-4.500000e-01	2.701299e-03
-4.000000e-01	2.779697e-03
-3.500000e-01	2.861828e-03
-3.000000e-01	2.947940e-03
-2.500000e-01	3.038302e-03
-2.000000e-01	3.133204e-03
-1.500000e-01	3.232963e-03
-1.000000e-01	3.337926e-03
-5.000000e-02	3.448470e-03
1.421085e-13	3.565005e-03
5.000000e-02	3.687984e-03
1.000000e-01	3.817901e-03
1.500000e-01	3.955299e-03
2.000000e-01	4.100776e-03
2.500000e-01	4.254990e-03
3.000000e-01	4.418670e-03
3.500000e-01	4.592620e-03
4.000000e-01	4.777734e-03
4.500000e-01	4.975005e-03
5.000000e-01	5.185538e-03
5.500000e-01	5.410568e-03
6.000000e-01	5.651479e-03
6.500000e-01	5.909821e-03
7.000000e-01	6.187340e-03
7.500000e-01	6.486008e-03
8.000000e-01	6.808054e-03
8.500000e-01	7.156009e-03
9.000000e-01	7.532760e-03
9.500000e-01	7.941601e-03
1.000000e+00	8.386316e-03
1.050000e+00	8.871257e-03
1.100000e+00	9.401459e-03
1.150000e+00	9.982765e-03
1.200000e+00	1.062199e-02
1.250000e+00	1.132712e-02
1.300000e+00	1.210755e-02
1.350000e+00	1.297442e-02
1.400000e+00	1.394097e-02
1.450000e+00	1.502307e-02
1.500000e+00	1.623984e-02
1.550000e+00	1.761450e-02
1.600000e+00	1.917543e-02
1.650000e+00	2.095759e-02
1.700000e+00	2.300442e-02
1.750000e+00	2.537039e-02
1.800000e+00	2.812448e-02
1.850000e+00	3.135490e-02
1.900000e+00	3.517576e-02
1.950000e+00	3.973644e-02
2.000000e+00	4.523499e-02
2.050000e+00	5.193749e-02
2.100000e+00	6.020643e-02
2.150000e+00	7.054257e-02
2.200000e+00	8.364684e-02
2.250000e+00	1.005111e-01
2.300000e+00	1.225465e-01
2.350000e+00	1.517471e-01
2.400000e+00	1.908372e-01
2.450000e+00	2.431815e-01
2.500000e+00	3.117695e-01
2.550000e+00	3.956936e-01
2.600000e+00	4.825904e-01
2.650000e+00	5.426183e-01
2.700000e+00	5.435416e-01
2.750000e+00	4.848030e-01
2.800000e+00	3.982182e-01
2.850000e+00	3.140333e-01
2.900000e+00	2.450447e-01
2.950000e+00	1.923517e-01
3.000000e+00	1.530078e-01
3.050000e+00	1.236384e-01
3.100000e+00	1.014993e-01
3.150000e+00	8.457860e-02
3.200000e+00	7.145224e-02
3.250000e+00	6.111945e-02
3.300000e+00	5.287342e-02
3.350000e+00	4.620972e-02
3.400000e+00	4.076374e-02
3.450000e+00	3.626846e-02
3.500000e+00	3.252576e-02
3.550000e+00	2.938668e-02
3.600000e+00	2.673773e-02
3.650000e+00	2.449126e-02
3.700000e+00	2.257868e-02
3.750000e+00	2.094486e-02
3.800000e+00	1.954552e-02
3.850000e+00	1.834723e-02
3.900000e+00	1.732348e-02
3.950000e+00	1.645139e-02
4.000000e+00	1.571499e-02
4.050000e+00	1.510594e-02
4.100000e+00	1.461721e-02
4.150000e+00	1.424102e-02
4.200000e+00	1.398218e-02
4.250000e+00	1.386388e-02
4.300000e+00	1.391163e-02
4.350000e+00	1.413988e-02
4.400000e+00	1.454613e-02
4.450000e+00	1.510545e-02
4.500000e+00	1.577592e-02
4.550000e+00	1.651062e-02
4.600000e+00	1.723678e-02
4.650000e+00	1.786844e-02
4.700000e+00	1.839281e-02
4.750000e+00	1.887437e-02
4.800000e+00	1.936290e-02
4.850000e+00	1.983954e-02
4.900000e+00	2.021404e-02
4.950000e+00	2.040828e-02
5.000000e+00	2.051727e-02
5.050000e+00	2.072725e-02
5.100000e+00	2.109921e-02
5.150000e+00	2.150649e-02
5.200000e+00	2.172058e-02
5.250000e+00	2.167503e-02
5.300000e+00	2.157460e-02
5.350000e+00	2.162702e-02
5.400000e+00	2.185639e-02
5.450000e+00	2.214909e-02
5.500000e+00	2.233343e-02
5.550000e+00	2.233497e-02
5.600000e+00	2.226559e-02
5.650000e+00	2.225927e-02
5.700000e+00	2.234443e-02
5.750000e+00	2.247156e-02
5.800000e+00	2.257500e-02
5.850000e+00	2.261616e-02
5.900000e+00	2.262272e-02
5.950000e+00	2.265302e-02
6.000000e+00	2.274698e-02
6.050000e+00	2.287318e-02
6.100000e+00	2.293238e-02
6.150000e+00	2.285223e-02
6.200000e+00	2.267976e-02
6.250000e+00	2.255788e-02
6.300000e+00	2.260828e-02
6.350000e+00	2.281929e-02
6.400000e+00	2.300435e-02
6.450000e+00	2.293420e-02
6.500000e+00	2.260411e-02
6.550000e+00	2.228219e-02
6.600000e+00	2.225592e-02
6.650000e+00	2.260340e-02
6.700000e+00	2.311190e-02
6.750000e+00	2.344595e-02
6.800000e+00	2.351689e-02
6.850000e+00	2.359246e-02
6.900000e+00	2.402045e-02
6.950000e+00	2.493476e-02
7.000000e+00	2.616791e-02
7.050000e+00	2.739846e-02
7.100000e+00	2.841761e-02
7.150000e+00	2.922921e-02
7.200000e+00	2.979253e-02
7.250000e+00	2.974847e-02
7.300000e+00	2.877738e-02
7.350000e+00	2.716760e-02
7.400000e+00	2.553053e-02
7.450000e+00	2.426477e-02
7.500000e+00	2.351738e-02
7.550000e+00	2.328117e-02
7.600000e+00	2.340453e-02
7.650000e+00	2.365893e-02
7.700000e+00	2.387410e-02
7.750000e+00	2.398295e-02
7.800000e+00	2.397294e-02
7.850000e+00	2.381595e-02
7.900000e+00	2.346980e-02
7.950000e+00	2.296286e-02
8.000000e+00	2.244430e-02
8.050000e+00	2.209608e-02
8.100000e+00	2.202449e-02
8.150000e+00	2.225026e-02
8.200000e+00	2.273467e-02
8.250000e+00	2.341302e-02
8.300000e+00	2.425440e-02
8.350000e+00	2.527914e-02
8.400000e+00	2.651129e-02
8.450000e+00	2.796329e-02
8.500000e+00	2.965929e-02
8.550000e+00	3.164403e-02
8.600000e+00	3.396926e-02
8.650000e+00	3.669259e-02
8.700000e+00	3.989330e-02
8.750000e+00	4.367332e-02
8.800000e+00	4.815559e-02
8.850000e+00	5.349446e-02
8.900000e+00	5.988958e-02
8.950000e+00	6.760305e-02
9.000000e+00	7.698479e-02
9.050000e+00	8.850905e-02
9.100000e+00	1.028271e-01
9.150000e+00	1.208444e-01
9.200000e+00	1.438353e-01
9.250000e+00	1.736088e-01
9.300000e+00	2.127385e-01
9.350000e+00	2.648352e-01
9.400000e+00	3.347196e-01
9.450000e+00	4.279523e-01
9.500000e+00	5.481777e-01
9.550000e+00	6.892853e-01
9.600000e+00	8.218197e-01
9.650000e+00	8.907902e-01
9.700000e+00	8.559762e-01
9.750000e+00	7.386783e-01
9.800000e+00	5.955929e-01
9.850000e+00	4.664834e-01
9.900000e+00	3.639645e-01
9.950000e+00	2.865313e-01
1.000000e+01	2.287984e-01
1.005000e+01	1.855695e-01
1.010000e+01	1.528171e-01
1.015000e+01	1.276372e-01
1.020000e+01	1.079829e-01
1.025000e+01	9.241433e-02
1.030000e+01	7.991103e-02
1.035000e+01	6.974105e-02
1.040000e+01	6.137223e-02
1.045000e+01	5.441228e-02
1.050000e+01	4.856799e-02
1.055000e+01	4.361720e-02
1.060000e+01	3.938951e-02
1.065000e+01	3.575273e-02
1.070000e+01	3.260333e-02
1.075000e+01	2.985955e-02
1.080000e+01	2.745591e-02
1.085000e+01	2.533905e-02
1.090000e+01	2.346524e-02
1.095000e+01	2.179908e-02
1.100000e+01	2.031220e-02
1.105000e+01	1.898124e-02
1.110000e+01	1.778570e-02
1.115000e+01	1.670727e-02
1.120000e+01	1.573046e-02
1.125000e+01	1.484360e-02
1.130000e+01	1.403803e-02
1.135000e+01	1.330585e-02
1.140000e+01	1.263835e-02
1.145000e+01	1.202665e-02
1.150000e+01	1.146369e-02
1.155000e+01	1.094575e-02
1.160000e+01	1.047112e-02
1.165000e+01	1.003725e-02
1.170000e+01	9.639326e-03
1.175000e+01	9.271215e-03
1.180000e+01	8.928585e-03
1.185000e+01	8.610824e-03
1.190000e+01	8.319417e-03
1.195000e+01	8.054630e-03
1.200000e+01	7.813321e-03
1.205000e+01	7.589714e-03
1.210000e+01	7.379331e-03
1.215000e+01	7.182464e-03
1.220000e+01	7.003150e-03
1.225000e+01	6.844332e-03
1.230000e+01	6.703609e-03
1.235000e+01	6.574132e-03
1.240000e+01	6.449832e-03
1.245000e+01	6.331273e-03
1.250000e+01	6.225767e-03
1.255000e+01	6.139135e-03
1.260000e+01	6.068468e-03
1.265000e+01	6.004476e-03
1.270000e+01	5.939259e-03
1.275000e+01	5.874442e-03
1.280000e+01	5.820910e-03
1.285000e+01	5.786623e-03
1.290000e+01	5.767291e-03
1.295000e+01	5.750321e-03
1.300000e+01	5.726776e-03
1.305000e+01	5.700654e-03
1.310000e+01	5.685742e-03
1.315000e+01	5.691089e-03
1.320000e+01	5.710832e-03
1.325000e+01	5.729436e-03
1.330000e+01	5.737541e-03
1.335000e+01	5.741162e-03
1.340000e+01	5.756416e-03
1.345000e+01	5.793836e-03
1.350000e+01	5.846852e-03
1.355000e+01	5.897674e-03
1.360000e+01	5.934426e-03
1.365000e+01	5.962976e-03
1.370000e+01	6.003727e-03
1.375000e+01	6.071805e-03
1.380000e+01	6.160028e-03
1.385000e+01	6.246491e-03
1.390000e+01	6.314176e-03
1.395000e+01	6.367722e-03
1.400000e+01	6.432822e-03
1.405000e+01	6.528138e-03
1.410000e+01	6.642283e-03
1.415000e+01	6.745476e-03
1.420000e+01	6.816156e-03
1.425000e+01	6.863242e-03
1.430000e+01	6.920090e-03
1.435000e+01	7.007413e-03
1.440000e+01	7.111192e-03
1.445000e+01	7.198517e-03
1.450000e+01	7.251226e-03
1.455000e+01	7.286314e-03
1.460000e+01	7.337239e-03
1.465000e+01	7.416871e-03
1.470000e+01	7.505777e-03
1.475000e+01	7.572319e-03
1.480000e+01	7.606023e-03
1.485000e+01	7.627618e-03
1.490000e+01	7.665380e-03
1.495000e+01	7.728241e-03
1.500000e+01	7.798022e-03
1.505000e+01	7.846841e-03
1.510000e+01	7.863908e-03
1.515000e+01	7.865490e-03
1.520000e+01	7.880051e-03
1.525000e+01	7.921981e-03
1.530000e+01	7.976719e-03
1.535000e+01	8.014771e-03
1.540000e+01	8.018161e-03
1.545000e+01	8.000723e-03
1.550000e+01	7.998025e-03
1.555000e+01	8.028778e-03
1.560000e+01	8.074568e-03
1.565000e+01	8.097620e-03
1.570000e+01	8.079135e-03
1.575000e+01	8.046682e-03
1.580000e+01	8.044242e-03
1.585000e+01	8.079717e-03
1.590000e+01	8.118031e-03
1.595000e+01	8.114539e-03
1.600000e+01	8.067273e-03
1.605000e+01	8.027471e-03
1.610000e+01	8.033477e-03
1.615000e+01	8.066994e-03
1.620000e+01	8.074282e-03
1.625000e+01	8.016319e-03
1.630000e+01	7.916712e-03
1.635000e+01	7.830787e-03
1.640000e+01	7.769045e-03
1.645000e+01	7.688338e-03
1.650000e+01	7.535126e-03
1.655000e+01	7.297834e-03
1.660000e+01	7.020788e-03
1.665000e+01	6.743482e-03
1.670000e+01	6.456688e-03
1.675000e+01	6.125922e-03
1.680000e+01	5.735097e-03
1.685000e+01	5.312922e-03
1.690000e+01	4.904221e-03
1.695000e+01	4.524596e-03
1.700000e+01	4.163066e-03
1.705000e+01	3.808275e-03
1.710000e+01	3.466263e-03
1.715000e+01	3.155071e-03
1.720000e+01	2.883441e-03
1.725000e+01	2.645138e-03
1.730000e+01	2.430457e-03
1.735000e+01	2.235036e-03
1.740000e+01	2.060415e-03
1.745000e+01	1.908577e-03
1.750000e+01	1.777344e-03
1.755000e+01	1.661906e-03
1.760000e+01	1.558694e-03
1.765000e+01	1.466621e-03
1.770000e+01	1.385375e-03
1.775000e+01	1.313941e-03
1.780000e+01	1.250697e-03
1.785000e+01	1.194178e-03
1.790000e+01	1.143532e-03
1.795000e+01	1.098177e-03
1.800000e+01	1.057453e-03
1.805000e+01	1.020730e-03
1.810000e+01	9.874929e-04
1.815000e+01	9.573099e-04
1.820000e+01	9.297808e-04
1.825000e+01	9.045569e-04
1.830000e+01	8.813496e-04
1.835000e+01	8.599024e-04
1.840000e+01	8.399863e-04
1.845000e+01	8.214038e-04
1.850000e+01	8.039876e-04
1.855000e+01	7.875970e-04
1.860000e+01	7.721147e-04
1.865000e+01	7.574427e-04
1.870000e+01	7.434989e-04
1.875000e+01	7.302134e-04
1.880000e+01	7.175268e-04
1.885000e+01	7.053873e-04
1.890000e+01	6.937502e-04
1.895000e+01	6.825760e-04
1.900000e+01	6.718300e-04
1.905000e+01	6.614814e-04
1.910000e+01	6.515025e-04
1.915000e+01	6.418686e-04
1.920000e+01	6.325576e-04
1.925000e+01	6.235492e-04
1.930000e+01	6.148252e-04
1.935000e+01	6.063690e-04
1.940000e+01	5.981655e-04
1.945000e+01	5.902008e-04
1.950000e+01	5.824621e-04
1.955000e+01	5.749378e-04
1.960000e+01	5.676169e-04
1.965000e+01	5.604896e-04
1.970000e+01	5.535466e-04
1.975000e+01	5.467793e-04
1.980000e+01	5.401796e-04
1.985000e+01	5.337403e-04
1.990000e+01	5.274542e-04
1.995000e+01	5.213150e-04
